1.000000 12269810000.000000
1.300000 4857135045.666987
1.680000 2012455139.380518
2.000000 1411247000.000000
2.500000 757055700.000000
3.000000 440536100.000000
3.500000 284097574.537098
4.000000 194283900.000000
4.500000 142821347.233908
5.000000 108453800.000000
5.500000 86291523.200822
6.000000 70038311.146177
6.500000 58400644.336345
7.000000 50138530.000000
7.500000 44184949.969555
8.000000 39257391.510409
9.000000 31637500.000000
10.000000 26650389.135286
11.000000 22819775.654872
12.000000 19805560.000000
13.000000 17716465.463426
14.000000 15979249.627449
15.000000 14515410.000000
16.000000 13424920.411207
17.000000 12475301.302900
18.000000 11641581.929647
19.000000 10904292.693801
20.000000 10248040.000000
25.000000 7854864.000000
30.000000 6763097.565843
35.000000 5959294.381157
40.000000 5340652.000000
50.000000 4605987.256692
70.000000 3756803.469492
90.000000 3330422.776066
