1.000000000000000056e-01 1.093379170405851367e+13
2.000000000000000111e-01 1.209474750707366455e+12
3.000000000000000444e-01 3.336344424082677002e+11
4.000000000000000222e-01 1.337897421308710785e+11
5.000000000000000000e-01 6.585724300361064148e+10
5.999999999999999778e-01 3.690599244810446930e+10
7.000000000000000666e-01 2.261783542934133911e+10
8.000000000000000444e-01 1.479956079196880150e+10
9.000000000000000222e-01 1.018054341750057030e+10
1.000000000000000000e+00 7.285000000000014305e+09
1.100000000000000089e+00 5.382106202141260147e+09
1.200000000000000178e+00 4.082469030319128990e+09
1.300000000000000266e+00 3.158284638438831806e+09
1.400000000000000133e+00 2.484435312985132694e+09
1.500000000000000222e+00 1.986999999999999762e+09
1.600000000000000089e+00 1.676416458701389074e+09
1.700000000000000178e+00 1.429033758199465275e+09
1.800000000000000266e+00 1.255195961823971033e+09
1.900000000000000133e+00 1.132999999999998093e+09
2.000000000000000000e+00 1.027999999999999404e+09
2.100000000000000089e+00 9.039246925607119799e+08
2.200000000000000178e+00 7.995958392751337290e+08
2.300000000000000266e+00 7.111661057262607813e+08
2.400000000000000355e+00 6.356712387342244387e+08
2.500000000000000444e+00 5.707999999999991655e+08
2.600000000000000089e+00 5.110198616239104271e+08
2.700000000000000178e+00 4.594149229393244386e+08
2.800000000000000266e+00 4.146235656436216235e+08
2.900000000000000355e+00 3.755488097829982638e+08
3.000000000000000444e+00 3.413000000000001192e+08
3.100000000000000089e+00 3.143659648635636568e+08
3.200000000000000178e+00 2.903142169558526278e+08
3.300000000000000266e+00 2.687601438690391183e+08
3.400000000000000355e+00 2.493800336175664663e+08
3.500000000000000444e+00 2.319000000000005960e+08
3.600000000000000089e+00 2.160799666777459979e+08
3.700000000000000178e+00 2.017293482836665511e+08
3.800000000000000266e+00 1.886772945290921926e+08
3.900000000000000355e+00 1.767766143485763371e+08
4.000000000000000000e+00 1.659000000000002384e+08
4.099999999999999645e+00 1.568882056960818470e+08
4.200000000000000178e+00 1.485657663413398564e+08
4.299999999999999822e+00 1.408653661796775758e+08
4.399999999999999467e+00 1.337276230299517512e+08
4.500000000000000000e+00 1.271000000000001043e+08
4.599999999999999645e+00 1.209486725394634604e+08
4.700000000000000178e+00 1.152179169544591755e+08
4.799999999999999822e+00 1.098709242489964813e+08
4.900000000000000355e+00 1.048747834476178586e+08
5.000000000000000000e+00 1.002000000000000596e+08
5.099999999999999645e+00 9.620258591362653673e+07
5.200000000000000178e+00 9.243769598477813601e+07
5.299999999999999822e+00 8.888771437993142009e+07
5.400000000000000355e+00 8.553665831650201976e+07
5.500000000000000000e+00 8.236999999999986589e+07
5.599999999999999645e+00 7.937023176531577110e+07
5.700000000000000178e+00 7.652994545796118677e+07
5.799999999999999822e+00 7.383808287626254559e+07
5.900000000000000355e+00 7.128452540877862275e+07
6.000000000000000000e+00 6.886000000000002980e+07
6.099999999999999645e+00 6.655652677430211008e+07
6.200000000000000178e+00 6.436570926472055912e+07
6.299999999999999822e+00 6.228035157897558808e+07
6.400000000000000355e+00 6.029382183006514609e+07
6.500000000000000000e+00 5.840000000000002235e+07
6.599999999999999645e+00 5.659377624645836651e+07
6.700000000000000178e+00 5.486933327282608300e+07
6.799999999999999822e+00 5.322182911009366810e+07
6.900000000000000355e+00 5.164677397000291198e+07
7.000000000000000000e+00 5.014000000000004470e+07
7.099999999999999645e+00 4.885230684024067223e+07
7.200000000000000178e+00 4.761500777060728520e+07
7.299999999999999822e+00 4.642547113212484866e+07
7.400000000000000355e+00 4.528123620783130080e+07
7.500000000000000000e+00 4.418000000000011176e+07
7.599999999999999645e+00 4.312235484068153054e+07
7.700000000000000178e+00 4.210336324902424216e+07
7.799999999999999822e+00 4.112113767983320355e+07
7.900000000000000355e+00 4.017390536626615375e+07
8.000000000000000000e+00 3.925999999999988824e+07
8.099999999999999645e+00 3.837658659436535835e+07
8.199999999999999289e+00 3.752352855552748591e+07
8.300000000000000711e+00 3.669943145767345279e+07
8.400000000000000355e+00 3.590298068847807497e+07
8.500000000000000000e+00 3.513293599995426834e+07
8.599999999999999645e+00 3.438812649008009583e+07
8.699999999999999289e+00 3.366744597661021352e+07
8.800000000000000711e+00 3.296984872833549604e+07
8.900000000000000355e+00 3.229434552248160169e+07
9.000000000000000000e+00 3.164000000000002980e+07
9.099999999999999645e+00 3.107556705099800229e+07
9.199999999999999289e+00 3.052720811401570588e+07
9.300000000000000711e+00 2.999429808750548959e+07
9.400000000000000355e+00 2.947624254919785634e+07
9.500000000000000000e+00 2.897247594434072822e+07
9.599999999999999645e+00 2.848245989863112941e+07
9.700000000000001066e+00 2.800568164606335387e+07
9.800000000000000711e+00 2.754165256277766451e+07
9.900000000000000355e+00 2.708990679876711592e+07
1.000000000000000000e+01 2.665000000000005960e+07
1.009999999999999964e+01 2.622180683597230539e+07
1.020000000000000107e+01 2.580461131227735057e+07
1.030000000000000071e+01 2.539802725641942024e+07
1.040000000000000036e+01 2.500168562787637115e+07
1.050000000000000000e+01 2.461523360261476412e+07
1.059999999999999964e+01 2.423833371467697993e+07
1.070000000000000107e+01 2.387066305078282952e+07
1.080000000000000071e+01 2.351191249421272427e+07
1.090000000000000036e+01 2.316178601453396305e+07
1.100000000000000000e+01 2.281999999999992922e+07
1.109999999999999964e+01 2.248673171451215819e+07
1.120000000000000107e+01 2.216125447395562008e+07
1.130000000000000071e+01 2.184331899409014359e+07
1.140000000000000036e+01 2.153268607770184055e+07
1.150000000000000000e+01 2.122912612250998244e+07
1.159999999999999964e+01 2.093241865710521117e+07
1.170000000000000107e+01 2.064235190309597924e+07
1.180000000000000071e+01 2.035872236177501455e+07
1.190000000000000036e+01 2.008133442373798788e+07
1.200000000000000000e+01 1.980999999999998137e+07
1.209999999999999964e+01 1.958232375740129501e+07
1.220000000000000107e+01 1.935910596191356331e+07
1.230000000000000071e+01 1.914022382592172548e+07
1.240000000000000036e+01 1.892555890484613180e+07
1.250000000000000000e+01 1.871499691006602347e+07
1.259999999999999964e+01 1.850842753131997958e+07
1.270000000000000107e+01 1.830574426803227141e+07
1.280000000000000071e+01 1.810684426905061305e+07
1.290000000000000036e+01 1.791162818031399325e+07
1.300000000000000000e+01 1.771999999999996647e+07
1.309999999999999964e+01 1.753201788540745527e+07
1.320000000000000107e+01 1.734743687237073854e+07
1.330000000000000071e+01 1.716617035354970396e+07
1.340000000000000036e+01 1.698813455595207959e+07
1.350000000000000000e+01 1.681324842789698020e+07
1.359999999999999964e+01 1.664143353128358349e+07
1.370000000000000107e+01 1.647261393887852132e+07
1.380000000000000071e+01 1.630671613635430671e+07
1.390000000000000036e+01 1.614366892882535793e+07
1.400000000000000000e+01 1.598340335164581053e+07
1.409999999999999964e+01 1.582585258524499834e+07
1.420000000000000107e+01 1.567095187379125506e+07
1.430000000000000071e+01 1.551863844748614542e+07
1.440000000000000036e+01 1.536885144830308110e+07
1.450000000000000000e+01 1.522153185899537802e+07
1.459999999999999964e+01 1.507662243520759791e+07
1.470000000000000107e+01 1.493406764053515717e+07
1.480000000000000071e+01 1.479381358438481763e+07
1.490000000000000036e+01 1.465580796249707043e+07
1.500000000000000000e+01 1.452000000000003166e+07
1.509999999999999964e+01 1.440348176180574670e+07
1.520000000000000107e+01 1.428865842619660124e+07
1.530000000000000071e+01 1.417549442968605831e+07
1.540000000000000036e+01 1.406395518093118817e+07
1.550000000000000000e+01 1.395400702806260064e+07
1.559999999999999964e+01 1.384561722731438652e+07
1.570000000000000107e+01 1.373875391289459541e+07
1.580000000000000071e+01 1.363338606803955138e+07
1.590000000000000036e+01 1.352948349719837308e+07
1.600000000000000000e+01 1.342701679929700494e+07
1.610000000000000142e+01 1.332595734203298390e+07
1.620000000000000284e+01 1.322627723715548217e+07
1.630000000000000071e+01 1.312794931668686867e+07
1.640000000000000213e+01 1.303094711004441977e+07
1.650000000000000355e+01 1.293524482202302106e+07
1.660000000000000142e+01 1.284081731160108373e+07
1.670000000000000284e+01 1.274764007153460197e+07
1.680000000000000071e+01 1.265568920870535821e+07
1.690000000000000213e+01 1.256494142519088462e+07
1.700000000000000355e+01 1.247537400002603047e+07
1.710000000000000142e+01 1.238696477162643522e+07
1.720000000000000284e+01 1.229969212084681354e+07
1.730000000000000071e+01 1.221353495464699157e+07
1.740000000000000213e+01 1.212847269034087844e+07
1.750000000000000355e+01 1.204448524040419981e+07
1.760000000000000142e+01 1.196155299781836756e+07
1.770000000000000284e+01 1.187965682192820124e+07
1.780000000000000071e+01 1.179877802479301579e+07
1.790000000000000213e+01 1.171889835801137984e+07
1.800000000000000355e+01 1.163999999999997020e+07
1.810000000000000142e+01 1.156242326090516895e+07
1.820000000000000284e+01 1.148578670845663734e+07
1.830000000000000071e+01 1.141007387563758716e+07
1.840000000000000213e+01 1.133526867172227800e+07
1.850000000000000355e+01 1.126135537169087306e+07
1.860000000000000142e+01 1.118831860599737987e+07
1.870000000000000284e+01 1.111614335067697428e+07
1.880000000000000071e+01 1.104481491777989641e+07
1.890000000000000213e+01 1.097431894611913525e+07
1.900000000000000355e+01 1.090464139232047275e+07
1.910000000000000142e+01 1.083576852216288261e+07
1.920000000000000284e+01 1.076768690219907463e+07
1.930000000000000426e+01 1.070038339164510556e+07
1.940000000000000213e+01 1.063384513452951051e+07
1.950000000000000355e+01 1.056805955209208839e+07
1.960000000000000142e+01 1.050301433542341180e+07
1.970000000000000284e+01 1.043869743833593838e+07
1.980000000000000426e+01 1.037509707045865990e+07
1.990000000000000213e+01 1.031220169054695964e+07
2.000000000000000355e+01 1.025000000000001676e+07
2.010000000000000142e+01 1.018921104455015436e+07
2.020000000000000284e+01 1.012908161349022016e+07
2.030000000000000426e+01 1.006960133926070295e+07
2.040000000000000213e+01 1.001076006727627292e+07
2.050000000000000355e+01 9.952547850533714518e+06
2.060000000000000142e+01 9.894954944381808862e+06
2.070000000000000284e+01 9.837971801447717473e+06
2.080000000000000426e+01 9.781589066714348271e+06
2.090000000000000213e+01 9.725797572743380442e+06
2.100000000000000355e+01 9.670588335039267316e+06
2.110000000000000142e+01 9.615952547549065202e+06
2.120000000000000284e+01 9.561881578293778002e+06
2.130000000000000426e+01 9.508366965126622468e+06
2.140000000000000213e+01 9.455400411613978446e+06
2.150000000000000355e+01 9.402973783034930006e+06
2.160000000000000142e+01 9.351079102495379746e+06
2.170000000000000284e+01 9.299708547153122723e+06
2.180000000000000426e+01 9.248854444550115615e+06
2.190000000000000213e+01 9.198509269048172981e+06
2.200000000000000355e+01 9.148665638365317136e+06
2.210000000000000142e+01 9.099316310208769515e+06
2.220000000000000284e+01 9.050454179002175108e+06
2.230000000000000426e+01 9.002072272703317925e+06
2.240000000000000213e+01 8.954163749710105360e+06
2.250000000000000355e+01 8.906721895851450041e+06
2.260000000000000142e+01 8.859740121460579336e+06
2.270000000000000284e+01 8.813211958528354764e+06
2.280000000000000426e+01 8.767131057933595031e+06
2.290000000000000213e+01 8.721491186748499051e+06
2.300000000000000355e+01 8.676286225616417825e+06
2.310000000000000142e+01 8.631510166199987754e+06
2.320000000000000284e+01 8.587157108697444201e+06
2.330000000000000426e+01 8.543221259424544871e+06
2.340000000000000213e+01 8.499696928461024538e+06
2.350000000000000355e+01 8.456578527358513325e+06
2.360000000000000142e+01 8.413860566908905283e+06
2.370000000000000284e+01 8.371537654970844276e+06
2.380000000000000426e+01 8.329604494352926500e+06
2.390000000000000213e+01 8.288055880751441233e+06
2.400000000000000355e+01 8.246886700741596520e+06
2.410000000000000142e+01 8.206091929820140824e+06
2.420000000000000284e+01 8.165666630498141982e+06
2.430000000000000426e+01 8.125605950442361645e+06
2.440000000000000213e+01 8.085905120663699694e+06
2.450000000000000355e+01 8.046559453751516528e+06
2.460000000000000142e+01 8.007564342152281664e+06
2.470000000000000284e+01 7.968915256491426378e+06
2.480000000000000426e+01 7.930607743937099352e+06
2.490000000000000213e+01 7.892637426604541019e+06
2.500000000000000355e+01 7.854999999999993481e+06
2.510000000000000142e+01 7.829298171490371227e+06
2.520000000000000284e+01 7.803782134113303386e+06
2.530000000000000426e+01 7.778449815535251983e+06
2.540000000000000213e+01 7.753299174608319066e+06
2.550000000000000355e+01 7.728328200780464336e+06
2.560000000000000142e+01 7.703534913519169204e+06
2.570000000000000284e+01 7.678917361748063937e+06
2.580000000000000426e+01 7.654473623296325095e+06
2.590000000000000213e+01 7.630201804360480979e+06
2.600000000000000355e+01 7.606100038978177123e+06
2.610000000000000142e+01 7.582166488513810560e+06
2.620000000000000284e+01 7.558399341155436821e+06
2.630000000000000426e+01 7.534796811422999017e+06
2.640000000000000213e+01 7.511357139687258750e+06
2.650000000000000355e+01 7.488078591699331068e+06
2.660000000000000142e+01 7.464959458130568266e+06
2.670000000000000284e+01 7.441998054122443311e+06
2.680000000000000426e+01 7.419192718846197240e+06
2.690000000000000213e+01 7.396541815072064288e+06
2.700000000000000355e+01 7.374043728747707792e+06
2.710000000000000142e+01 7.351696868585825898e+06
2.720000000000000284e+01 7.329499665660503320e+06
2.730000000000000426e+01 7.307450573012154549e+06
2.740000000000000213e+01 7.285548065260997042e+06
2.750000000000000355e+01 7.263790638228511438e+06
2.760000000000000142e+01 7.242176808567035943e+06
2.770000000000000284e+01 7.220705113397153094e+06
2.780000000000000426e+01 7.199374109952516854e+06
2.790000000000000213e+01 7.178182375232287683e+06
2.800000000000000355e+01 7.157128505660632625e+06
2.810000000000000142e+01 7.136211116753426380e+06
2.820000000000000284e+01 7.115428842791718431e+06
2.830000000000000426e+01 7.094780336501939222e+06
2.840000000000000213e+01 7.074264268742729910e+06
2.850000000000000355e+01 7.053879328198115341e+06
2.860000000000000142e+01 7.033624221076910384e+06
2.870000000000000284e+01 7.013497670818299986e+06
2.880000000000000426e+01 6.993498417803214863e+06
2.890000000000000213e+01 6.973625219071793370e+06
2.900000000000000355e+01 6.953876848046188243e+06
2.910000000000000142e+01 6.934252094259167090e+06
2.920000000000000284e+01 6.914749763088043779e+06
2.930000000000000426e+01 6.895368675493855961e+06
2.940000000000000213e+01 6.876107667765789665e+06
2.950000000000000355e+01 6.856965591270534322e+06
2.960000000000000142e+01 6.837941312206757255e+06
2.970000000000000284e+01 6.819033711364123970e+06
2.980000000000000426e+01 6.800241683887335472e+06
2.990000000000000213e+01 6.781564139044460841e+06
3.000000000000000355e+01 6.762999999999995343e+06
3.010000000000000142e+01 6.744558320003333502e+06
3.020000000000000284e+01 6.726227844470365904e+06
3.030000000000000426e+01 6.708007537924609147e+06
3.040000000000000213e+01 6.689896377906853333e+06
3.050000000000000355e+01 6.671893354769313708e+06
3.060000000000000142e+01 6.653997471473828889e+06
3.070000000000000284e+01 6.636207743393731304e+06
3.080000000000000426e+01 6.618523198119560257e+06
3.090000000000000213e+01 6.600942875268457457e+06
3.100000000000000355e+01 6.583465826296998188e+06
3.110000000000000142e+01 6.566091114317720756e+06
3.120000000000000284e+01 6.548817813918973319e+06
3.130000000000000426e+01 6.531645010988049209e+06
3.140000000000000213e+01 6.514571802537750453e+06
3.150000000000000355e+01 6.497597296536071226e+06
3.160000000000000142e+01 6.480720611738991924e+06
3.170000000000000284e+01 6.463940877526418306e+06
3.180000000000000426e+01 6.447257233741082251e+06
3.190000000000000213e+01 6.430668830530366860e+06
3.200000000000000000e+01 6.414174828191065229e+06
3.210000000000000142e+01 6.397774397016886622e+06
3.220000000000000284e+01 6.381466717148820870e+06
3.230000000000000426e+01 6.365250978428031318e+06
3.240000000000000568e+01 6.349126380251571536e+06
3.250000000000000000e+01 6.333092131430597976e+06
3.260000000000000142e+01 6.317147450051101856e+06
3.270000000000000284e+01 6.301291563337133266e+06
3.280000000000000426e+01 6.285523707516542636e+06
3.290000000000000568e+01 6.269843127688934095e+06
3.300000000000000000e+01 6.254249077696055174e+06
3.310000000000000142e+01 6.238740819994477555e+06
3.320000000000000284e+01 6.223317625530453399e+06
3.330000000000000426e+01 6.207978773616982624e+06
3.340000000000000568e+01 6.192723551813042723e+06
3.350000000000000000e+01 6.177551255804870278e+06
3.360000000000000142e+01 6.162461189289370552e+06
3.370000000000000284e+01 6.147452663859454915e+06
3.380000000000000426e+01 6.132524998891439289e+06
3.390000000000000568e+01 6.117677521434305236e+06
3.400000000000000000e+01 6.102909566100919619e+06
3.410000000000000142e+01 6.088220474961029366e+06
3.420000000000000284e+01 6.073609597436182201e+06
3.430000000000000426e+01 6.059076290196361020e+06
3.440000000000000568e+01 6.044619917058337480e+06
3.450000000000000000e+01 6.030239848885864951e+06
3.460000000000000142e+01 6.015935463491405360e+06
3.470000000000000284e+01 6.001706145539646037e+06
3.480000000000000426e+01 5.987551286452451721e+06
3.490000000000000568e+01 5.973470284315613098e+06
3.500000000000000000e+01 5.959462543786965311e+06
3.510000000000000142e+01 5.945527476006176323e+06
3.520000000000000284e+01 5.931664498505877331e+06
3.530000000000000426e+01 5.917873035124392249e+06
3.540000000000000568e+01 5.904152515919845551e+06
3.550000000000000000e+01 5.890502377085688524e+06
3.560000000000000142e+01 5.876922060867533088e+06
3.570000000000000284e+01 5.863411015481515788e+06
3.580000000000000426e+01 5.849968695033802651e+06
3.590000000000000568e+01 5.836594559441508725e+06
3.600000000000000000e+01 5.823288074354872108e+06
3.610000000000000142e+01 5.810048711080667563e+06
3.620000000000000284e+01 5.796875946506875567e+06
3.630000000000000426e+01 5.783769263028535061e+06
3.640000000000000568e+01 5.770728148474787362e+06
3.650000000000000000e+01 5.757752096037111245e+06
3.660000000000000142e+01 5.744840604198683053e+06
3.670000000000000284e+01 5.731993176664832979e+06
3.680000000000000426e+01 5.719209322294596583e+06
3.690000000000000568e+01 5.706488555033451878e+06
3.700000000000000000e+01 5.693830393846964464e+06
3.710000000000000142e+01 5.681234362655562349e+06
3.720000000000000284e+01 5.668699990270321257e+06
3.730000000000000426e+01 5.656226810329731554e+06
3.740000000000000568e+01 5.643814361237487756e+06
3.750000000000000000e+01 5.631462186101189815e+06
3.760000000000000142e+01 5.619169832672028802e+06
3.770000000000000284e+01 5.606936853285406716e+06
3.780000000000000426e+01 5.594762804802464321e+06
3.790000000000000568e+01 5.582647248552462086e+06
3.800000000000000000e+01 5.570589750276165083e+06
3.810000000000000142e+01 5.558589880069942214e+06
3.820000000000000284e+01 5.546647212330813520e+06
3.830000000000000426e+01 5.534761325702315196e+06
3.840000000000000568e+01 5.522931803021184169e+06
3.850000000000000711e+01 5.511158231264799833e+06
3.860000000000000142e+01 5.499440201499538496e+06
3.870000000000000284e+01 5.487777308829739690e+06
3.880000000000000426e+01 5.476169152347601950e+06
3.890000000000000568e+01 5.464615335083726794e+06
3.900000000000000711e+01 5.453115463958377019e+06
3.910000000000000142e+01 5.441669149733628146e+06
3.920000000000000284e+01 5.430276006965978071e+06
3.930000000000000426e+01 5.418935653959880583e+06
3.940000000000000568e+01 5.407647712721887045e+06
3.950000000000000711e+01 5.396411808915381320e+06
3.960000000000000142e+01 5.385227571816120297e+06
3.970000000000000284e+01 5.374094634268344380e+06
3.980000000000000426e+01 5.363012632641532458e+06
3.990000000000000568e+01 5.351981206787824631e+06
4.000000000000000711e+01 5.341000000000004657e+06
4.010000000000000142e+01 5.333698774323613383e+06
4.020000000000000284e+01 5.326425677173760720e+06
4.030000000000000426e+01 5.319180530615115538e+06
4.040000000000000568e+01 5.311963158275822178e+06
4.050000000000000711e+01 5.304773385329955257e+06
4.060000000000000142e+01 5.297611038480152376e+06
4.070000000000000284e+01 5.290475945940539241e+06
4.080000000000000426e+01 5.283367937419922091e+06
4.090000000000000568e+01 5.276286844105052762e+06
4.100000000000000711e+01 5.269232498644326814e+06
4.110000000000000142e+01 5.262204735131547786e+06
4.120000000000000284e+01 5.255203389089989476e+06
4.130000000000000426e+01 5.248228297456596978e+06
4.140000000000000568e+01 5.241279298566525802e+06
4.150000000000000711e+01 5.234356232137749903e+06
4.160000000000000142e+01 5.227458939255964942e+06
4.170000000000000284e+01 5.220587262359637767e+06
4.180000000000000426e+01 5.213741045225325041e+06
4.190000000000000568e+01 5.206920132953088731e+06
4.200000000000000711e+01 5.200124371952187270e+06
4.210000000000000142e+01 5.193353609926932491e+06
4.220000000000000284e+01 5.186607695862706751e+06
4.230000000000000426e+01 5.179886480012170039e+06
4.240000000000000568e+01 5.173189813881714828e+06
4.250000000000000711e+01 5.166517550217976794e+06
4.260000000000000142e+01 5.159869542994629592e+06
4.270000000000000284e+01 5.153245647399288602e+06
4.280000000000000426e+01 5.146645719820621423e+06
4.290000000000000568e+01 5.140069617835589685e+06
4.300000000000000711e+01 5.133517200196908787e+06
4.310000000000000142e+01 5.126988326820576563e+06
4.320000000000000284e+01 5.120482858773668297e+06
4.330000000000000426e+01 5.114000658262250014e+06
4.340000000000000568e+01 5.107541588619374670e+06
4.350000000000000711e+01 5.101105514293350279e+06
4.360000000000000142e+01 5.094692300836103968e+06
4.370000000000000284e+01 5.088301814891640097e+06
4.380000000000000426e+01 5.081933924184738658e+06
4.390000000000000568e+01 5.075588497509723529e+06
4.400000000000000711e+01 5.069265404719452374e+06
4.410000000000000142e+01 5.062964516714305617e+06
4.420000000000000284e+01 5.056685705431523733e+06
4.430000000000000426e+01 5.050428843834434636e+06
4.440000000000000568e+01 5.044193805902023800e+06
4.450000000000000711e+01 5.037980466618501581e+06
4.460000000000000142e+01 5.031788701963081025e+06
4.470000000000000284e+01 5.025618388899829239e+06
4.480000000000000426e+01 5.019469405367674306e+06
4.490000000000000568e+01 5.013341630270498805e+06
4.500000000000000711e+01 5.007234943467429839e+06
4.510000000000000142e+01 5.001149225763171911e+06
4.520000000000000284e+01 4.995084358898490667e+06
4.530000000000000426e+01 4.989040225540798157e+06
4.540000000000000568e+01 4.983016709274900146e+06
4.550000000000000711e+01 4.977013694593791850e+06
4.560000000000000142e+01 4.971031066889620386e+06
4.570000000000000284e+01 4.965068712444693781e+06
4.580000000000000426e+01 4.959126518422686495e+06
4.590000000000000568e+01 4.953204372859848663e+06
4.600000000000000711e+01 4.947302164656441659e+06
4.610000000000000142e+01 4.941419783568141051e+06
4.620000000000000284e+01 4.935557120197653770e+06
4.630000000000000426e+01 4.929714065986387432e+06
4.640000000000000568e+01 4.923890513206215575e+06
4.650000000000000711e+01 4.918086354951363988e+06
4.660000000000000142e+01 4.912301485130361281e+06
4.670000000000000284e+01 4.906535798458143137e+06
4.680000000000000426e+01 4.900789190448162146e+06
4.690000000000000568e+01 4.895061557404687628e+06
4.700000000000000711e+01 4.889352796415105462e+06
4.710000000000000142e+01 4.883662805342406034e+06
4.720000000000000284e+01 4.877991482817648910e+06
4.730000000000000426e+01 4.872338728232621215e+06
4.740000000000000568e+01 4.866704441732505336e+06
4.750000000000000711e+01 4.861088524208671413e+06
4.760000000000000142e+01 4.855490877291566692e+06
4.770000000000000284e+01 4.849911403343630023e+06
4.780000000000000426e+01 4.844350005452333018e+06
4.790000000000000568e+01 4.838806587423319928e+06
4.800000000000000711e+01 4.833281053773571737e+06
4.810000000000000142e+01 4.827773309724673629e+06
4.820000000000000284e+01 4.822283261196182109e+06
4.830000000000000426e+01 4.816810814799065702e+06
4.840000000000000568e+01 4.811355877829142846e+06
4.850000000000000711e+01 4.805918358260723762e+06
4.860000000000000142e+01 4.800498164740225300e+06
4.870000000000000284e+01 4.795095206579893827e+06
4.880000000000000426e+01 4.789709393751604483e+06
4.890000000000000568e+01 4.784340636880723760e+06
4.900000000000000711e+01 4.778988847240033560e+06
4.910000000000000142e+01 4.773653936743726023e+06
4.920000000000000284e+01 4.768335817941505462e+06
4.930000000000000426e+01 4.763034404012674466e+06
4.940000000000000568e+01 4.757749608760379255e+06
4.950000000000000711e+01 4.752481346605838276e+06
4.960000000000000142e+01 4.747229532582710497e+06
4.970000000000000284e+01 4.741994082331458107e+06
4.980000000000000426e+01 4.736774912093799561e+06
4.990000000000000568e+01 4.731571938707267866e+06
5.000000000000000711e+01 4.726385079599735327e+06
5.010000000000000142e+01 4.721214252784112468e+06
5.020000000000000284e+01 4.716059376852965914e+06
5.030000000000000426e+01 4.710920370973357931e+06
5.040000000000000568e+01 4.705797154881610535e+06
5.050000000000000711e+01 4.700689648878180422e+06
5.060000000000000142e+01 4.695597773822605610e+06
5.070000000000000284e+01 4.690521451128475368e+06
5.080000000000000426e+01 4.685460602758472785e+06
5.090000000000000568e+01 4.680415151219449006e+06
5.100000000000000711e+01 4.675385019557606429e+06
5.110000000000000142e+01 4.670370131353648379e+06
5.120000000000000284e+01 4.665370410718070343e+06
5.130000000000000426e+01 4.660385782286438160e+06
5.140000000000000568e+01 4.655416171214754693e+06
5.150000000000000711e+01 4.650461503174848855e+06
5.160000000000000142e+01 4.645521704349831678e+06
5.170000000000000284e+01 4.640596701429588720e+06
5.180000000000000426e+01 4.635686421606345102e+06
5.190000000000000568e+01 4.630790792570268735e+06
5.200000000000000711e+01 4.625909742505089380e+06
5.210000000000000142e+01 4.621043200083770789e+06
5.220000000000000284e+01 4.616191094464327209e+06
5.230000000000000426e+01 4.611353355285498314e+06
5.240000000000000568e+01 4.606529912662650459e+06
5.250000000000000711e+01 4.601720697183634154e+06
5.260000000000000142e+01 4.596925639904667623e+06
5.270000000000000284e+01 4.592144672346308827e+06
5.280000000000000426e+01 4.587377726489482448e+06
5.290000000000000568e+01 4.582624734771455638e+06
5.300000000000000711e+01 4.577885630081987940e+06
5.310000000000000142e+01 4.573160345759420656e+06
5.320000000000000284e+01 4.568448815586837940e+06
5.330000000000000426e+01 4.563750973788280040e+06
5.340000000000000568e+01 4.559066755024999380e+06
5.350000000000000711e+01 4.554396094391697086e+06
5.360000000000000142e+01 4.549738927412891760e+06
5.370000000000000284e+01 4.545095190039277077e+06
5.380000000000000426e+01 4.540464818644054234e+06
5.390000000000000568e+01 4.535847750019467436e+06
5.400000000000000711e+01 4.531243921373168007e+06
5.410000000000000142e+01 4.526653270324800164e+06
5.420000000000000284e+01 4.522075734902499244e+06
5.430000000000000426e+01 4.517511253539493307e+06
5.440000000000000568e+01 4.512959765070687979e+06
5.450000000000000711e+01 4.508421208729345351e+06
5.460000000000000142e+01 4.503895524143748917e+06
5.470000000000000284e+01 4.499382651333902031e+06
5.480000000000000426e+01 4.494882530708305538e+06
5.490000000000000568e+01 4.490395103060712107e+06
5.500000000000000711e+01 4.485920309566965327e+06
5.510000000000000142e+01 4.481458091781812720e+06
5.520000000000000284e+01 4.477008391635824926e+06
5.530000000000000426e+01 4.472571151432255283e+06
5.540000000000000568e+01 4.468146313844019547e+06
5.550000000000000711e+01 4.463733821910635568e+06
5.560000000000000142e+01 4.459333619035257958e+06
5.570000000000000284e+01 4.454945648981646635e+06
5.580000000000000426e+01 4.450569855871322565e+06
5.590000000000000568e+01 4.446206184180548415e+06
5.600000000000000711e+01 4.441854578737522475e+06
5.610000000000000142e+01 4.437514984719515778e+06
5.620000000000000284e+01 4.433187347649991512e+06
5.630000000000000426e+01 4.428871613395884633e+06
5.640000000000000568e+01 4.424567728164752014e+06
5.650000000000000711e+01 4.420275638502119109e+06
5.660000000000000142e+01 4.415995291288684122e+06
5.670000000000000284e+01 4.411726633737650700e+06
5.680000000000000426e+01 4.407469613392107189e+06
5.690000000000000568e+01 4.403224178122322075e+06
5.700000000000000711e+01 4.398990276123176329e+06
5.710000000000000142e+01 4.394767855911564082e+06
5.720000000000000284e+01 4.390556866323852912e+06
5.730000000000000426e+01 4.386357256513291970e+06
5.740000000000000568e+01 4.382168975947555155e+06
5.750000000000000711e+01 4.377991974406235851e+06
5.760000000000000142e+01 4.373826201978383586e+06
5.770000000000000284e+01 4.369671609060040675e+06
5.780000000000000426e+01 4.365528146351860836e+06
5.790000000000000568e+01 4.361395764856716618e+06
5.800000000000000711e+01 4.357274415877282619e+06
5.810000000000000142e+01 4.353164051013738848e+06
5.820000000000000284e+01 4.349064622161407955e+06
5.830000000000000426e+01 4.344976081508502364e+06
5.840000000000000568e+01 4.340898381533763371e+06
5.850000000000000711e+01 4.336831475004284643e+06
5.860000000000000142e+01 4.332775314973214641e+06
5.870000000000000284e+01 4.328729854777575471e+06
5.880000000000000426e+01 4.324695048036029562e+06
5.890000000000000568e+01 4.320670848646749742e+06
5.900000000000000711e+01 4.316657210785237141e+06
5.910000000000000142e+01 4.312654088902181014e+06
5.920000000000000284e+01 4.308661437721352093e+06
5.930000000000000426e+01 4.304679212237515487e+06
5.940000000000000568e+01 4.300707367714339867e+06
5.950000000000000711e+01 4.296745859682366252e+06
5.960000000000000142e+01 4.292794643936921842e+06
5.970000000000000284e+01 4.288853676536174491e+06
5.980000000000000426e+01 4.284922913799051195e+06
5.990000000000000568e+01 4.281002312303334475e+06
6.000000000000000711e+01 4.277091828883631155e+06
6.010000000000000142e+01 4.273191420629497617e+06
6.020000000000000284e+01 4.269301044883439317e+06
6.030000000000000426e+01 4.265420659239072353e+06
6.040000000000000568e+01 4.261550221539169550e+06
6.050000000000000711e+01 4.257689689873838797e+06
6.060000000000000142e+01 4.253839022578624077e+06
6.070000000000000284e+01 4.249998178232708946e+06
6.080000000000000426e+01 4.246167115657047369e+06
6.090000000000000568e+01 4.242345793912595138e+06
6.100000000000000711e+01 4.238534172298503108e+06
6.110000000000000142e+01 4.234732210350339301e+06
6.120000000000000284e+01 4.230939867838333361e+06
6.130000000000000426e+01 4.227157104765651748e+06
6.140000000000000568e+01 4.223383881366652437e+06
6.150000000000000711e+01 4.219620158105178736e+06
6.160000000000000142e+01 4.215865895672879182e+06
6.170000000000000284e+01 4.212121054987492040e+06
6.180000000000000426e+01 4.208385597191226669e+06
6.190000000000000568e+01 4.204659483649083413e+06
6.200000000000000711e+01 4.200942675947233103e+06
6.210000000000000142e+01 4.197235135891376995e+06
6.220000000000000284e+01 4.193536825505156070e+06
6.230000000000000426e+01 4.189847707028566394e+06
6.240000000000000568e+01 4.186167742916384246e+06
6.250000000000000711e+01 4.182496895836559590e+06
6.260000000000000142e+01 4.178835128668718506e+06
6.270000000000000284e+01 4.175182404502615333e+06
6.280000000000000426e+01 4.171538686636589468e+06
6.290000000000000568e+01 4.167903938576065935e+06
6.300000000000000711e+01 4.164278124032082502e+06
6.310000000000000142e+01 4.160661206919773482e+06
6.320000000000000284e+01 4.157053151356920600e+06
6.330000000000000426e+01 4.153453921662483364e+06
6.340000000000000568e+01 4.149863482355189975e+06
6.350000000000000711e+01 4.146281798152041156e+06
6.360000000000000142e+01 4.142708833966961596e+06
6.370000000000000284e+01 4.139144554909346160e+06
6.380000000000000426e+01 4.135588926282690838e+06
6.390000000000000568e+01 4.132041913583199959e+06
6.400000000000000000e+01 4.128503482498409227e+06
6.409999999999999432e+01 4.124973598905853927e+06
6.420000000000000284e+01 4.121452228871694766e+06
6.429999999999999716e+01 4.117939338649393525e+06
6.439999999999999147e+01 4.114434894678393379e+06
6.450000000000000000e+01 4.110938863582812250e+06
6.459999999999999432e+01 4.107451212170111015e+06
6.470000000000000284e+01 4.103971907429861836e+06
6.479999999999999716e+01 4.100500916532405652e+06
6.489999999999999147e+01 4.097038206827625632e+06
6.500000000000000000e+01 4.093583745843686629e+06
6.509999999999999432e+01 4.090137501285765786e+06
6.520000000000000284e+01 4.086699441034845542e+06
6.529999999999999716e+01 4.083269533146475442e+06
6.539999999999999147e+01 4.079847745849554893e+06
6.550000000000000000e+01 4.076434047545150388e+06
6.559999999999999432e+01 4.073028406805257313e+06
6.570000000000000284e+01 4.069630792371672112e+06
6.579999999999999716e+01 4.066241173154760152e+06
6.589999999999999147e+01 4.062859518232348841e+06
6.600000000000000000e+01 4.059485796848542988e+06
6.609999999999999432e+01 4.056119978412553668e+06
6.620000000000000284e+01 4.052762032497634180e+06
6.629999999999999716e+01 4.049411928839891218e+06
6.639999999999999147e+01 4.046069637337190565e+06
6.650000000000000000e+01 4.042735128048069775e+06
6.659999999999999432e+01 4.039408371190592181e+06
6.670000000000000284e+01 4.036089337141321041e+06
6.679999999999999716e+01 4.032777996434193570e+06
6.689999999999999147e+01 4.029474319759463426e+06
6.700000000000000000e+01 4.026178277962640394e+06
6.709999999999999432e+01 4.022889842043433804e+06
6.720000000000000284e+01 4.019608983154735062e+06
6.729999999999999716e+01 4.016335672601543367e+06
6.739999999999999147e+01 4.013069881839956623e+06
6.750000000000000000e+01 4.009811582476158626e+06
6.759999999999999432e+01 4.006560746265396010e+06
6.770000000000000284e+01 4.003317345110978466e+06
6.779999999999999716e+01 4.000081351063312031e+06
6.789999999999999147e+01 3.996852736318880692e+06
6.800000000000000000e+01 3.993631473219256848e+06
6.809999999999999432e+01 3.990417534250197001e+06
6.820000000000000284e+01 3.987210892040601466e+06
6.829999999999999716e+01 3.984011519361627288e+06
6.839999999999999147e+01 3.980819389125688467e+06
6.850000000000000000e+01 3.977634474385548849e+06
6.859999999999999432e+01 3.974456748333406635e+06
6.870000000000000284e+01 3.971286184299903456e+06
6.879999999999999716e+01 3.968122755753305275e+06
6.889999999999999147e+01 3.964966436298501678e+06
6.900000000000000000e+01 3.961817199676164426e+06
6.909999999999999432e+01 3.958675019761838950e+06
6.920000000000000284e+01 3.955539870565037709e+06
6.929999999999999716e+01 3.952411726228391286e+06
6.939999999999999147e+01 3.949290561026757117e+06
6.950000000000000000e+01 3.946176349366357084e+06
6.959999999999999432e+01 3.943069065783928148e+06
6.970000000000000284e+01 3.939968684945844114e+06
6.979999999999999716e+01 3.936875181647299323e+06
6.989999999999999147e+01 3.933788530811462551e+06
7.000000000000000000e+01 3.930708707488638815e+06
7.009999999999999432e+01 3.927635686855456326e+06
7.020000000000000284e+01 3.924569444214020856e+06
7.029999999999999716e+01 3.921509954991140869e+06
7.039999999999999147e+01 3.918457194737492595e+06
7.050000000000000000e+01 3.915411139126839116e+06
7.059999999999999432e+01 3.912371763955208473e+06
7.070000000000000284e+01 3.909339045140170027e+06
7.079999999999999716e+01 3.906312958719966467e+06
7.089999999999999147e+01 3.903293480852812063e+06
7.100000000000000000e+01 3.900280587816081941e+06
7.109999999999999432e+01 3.897274256005571224e+06
7.120000000000000284e+01 3.894274461934735999e+06
7.129999999999999716e+01 3.891281182233925909e+06
7.139999999999999147e+01 3.888294393649653997e+06
7.150000000000000000e+01 3.885314073043859098e+06
7.159999999999999432e+01 3.882340197393162642e+06
7.170000000000000284e+01 3.879372743788162246e+06
7.179999999999999716e+01 3.876411689432669431e+06
7.189999999999999147e+01 3.873457011643034872e+06
7.200000000000000000e+01 3.870508687847405672e+06
7.209999999999999432e+01 3.867566695585060399e+06
7.220000000000000284e+01 3.864631012505652383e+06
7.229999999999999716e+01 3.861701616368568502e+06
7.239999999999999147e+01 3.858778485042200424e+06
7.250000000000000000e+01 3.855861596503288951e+06
7.259999999999999432e+01 3.852950928836217616e+06
7.270000000000000284e+01 3.850046460232380312e+06
7.279999999999999716e+01 3.847148168989464175e+06
7.289999999999999147e+01 3.844256033510824200e+06
7.300000000000000000e+01 3.841370032304782420e+06
7.309999999999999432e+01 3.838490143984039780e+06
7.320000000000000284e+01 3.835616347264965996e+06
7.329999999999999716e+01 3.832748620966985356e+06
7.339999999999999147e+01 3.829886944011921994e+06
7.350000000000000000e+01 3.827031295423399191e+06
7.359999999999999432e+01 3.824181654326167889e+06
7.370000000000000284e+01 3.821337999945495743e+06
7.379999999999999716e+01 3.818500311606587842e+06
7.389999999999999147e+01 3.815668568733897526e+06
7.400000000000000000e+01 3.812842750850583427e+06
7.409999999999999432e+01 3.810022837577857077e+06
7.420000000000000284e+01 3.807208808634415269e+06
7.429999999999999716e+01 3.804400643835816998e+06
7.439999999999999147e+01 3.801598323093913961e+06
7.450000000000000000e+01 3.798801826416242402e+06
7.459999999999999432e+01 3.796011133905455936e+06
7.470000000000000284e+01 3.793226225758733694e+06
7.479999999999999716e+01 3.790447082267204765e+06
7.489999999999999147e+01 3.787673683815396391e+06
7.500000000000000000e+01 3.784906010880659800e+06
7.509999999999999432e+01 3.782144044032568112e+06
7.520000000000000284e+01 3.779387763932432514e+06
7.529999999999999716e+01 3.776637151332685258e+06
7.539999999999999147e+01 3.773892187076366972e+06
7.550000000000000000e+01 3.771152852096554823e+06
7.559999999999999432e+01 3.768419127415839583e+06
7.570000000000000284e+01 3.765690994145774748e+06
7.579999999999999716e+01 3.762968433486360125e+06
7.589999999999999147e+01 3.760251426725493744e+06
7.600000000000000000e+01 3.757539955238445196e+06
7.609999999999999432e+01 3.754834000487353653e+06
7.620000000000000284e+01 3.752133544020681642e+06
7.629999999999999716e+01 3.749438567472725175e+06
7.639999999999999147e+01 3.746749052563095931e+06
7.650000000000000000e+01 3.744064981096198782e+06
7.659999999999999432e+01 3.741386334960740991e+06
7.670000000000000284e+01 3.738713096129237209e+06
7.679999999999999716e+01 3.736045246657508891e+06
7.690000000000000568e+01 3.733382768684179056e+06
7.700000000000000000e+01 3.730725644430191256e+06
7.709999999999999432e+01 3.728073856198354624e+06
7.720000000000000284e+01 3.725427386372782756e+06
7.729999999999999716e+01 3.722786217418513261e+06
7.740000000000000568e+01 3.720150331880960148e+06
7.750000000000000000e+01 3.717519712385473307e+06
7.759999999999999432e+01 3.714894341636850964e+06
7.770000000000000284e+01 3.712274202418896370e+06
7.779999999999999716e+01 3.709659277593948413e+06
7.790000000000000568e+01 3.707049550102413166e+06
7.800000000000000000e+01 3.704445002962307073e+06
7.809999999999999432e+01 3.701845619268844370e+06
7.820000000000000284e+01 3.699251382193923928e+06
7.829999999999999716e+01 3.696662274985722266e+06
7.840000000000000568e+01 3.694078280968267936e+06
7.850000000000000000e+01 3.691499383540961426e+06
7.859999999999999432e+01 3.688925566178145353e+06
7.870000000000000284e+01 3.686356812428708654e+06
7.879999999999999716e+01 3.683793105915618129e+06
7.890000000000000568e+01 3.681234430335505400e+06
7.900000000000000000e+01 3.678680769458234776e+06
7.909999999999999432e+01 3.676132107126490679e+06
7.920000000000000284e+01 3.673588427255374845e+06
7.929999999999999716e+01 3.671049713831936009e+06
7.940000000000000568e+01 3.668515950914831366e+06
7.950000000000000000e+01 3.665987122633867897e+06
7.959999999999999432e+01 3.663463213189591188e+06
7.970000000000000284e+01 3.660944206852923613e+06
7.979999999999999716e+01 3.658430087964724284e+06
7.990000000000000568e+01 3.655920840935400221e+06
8.000000000000000000e+01 3.653416450244532898e+06
8.009999999999999432e+01 3.650916900440453086e+06
8.020000000000000284e+01 3.648422176139864139e+06
8.029999999999999716e+01 3.645932262027459685e+06
8.040000000000000568e+01 3.643447142855547369e+06
8.050000000000000000e+01 3.640966803443641867e+06
8.059999999999999432e+01 3.638491228678091895e+06
8.070000000000000284e+01 3.636020403511729557e+06
8.079999999999999716e+01 3.633554312963447999e+06
8.090000000000000568e+01 3.631092942117896862e+06
8.100000000000000000e+01 3.628636276125037111e+06
8.109999999999999432e+01 3.626184300199839287e+06
8.120000000000000284e+01 3.623736999621868134e+06
8.129999999999999716e+01 3.621294359734964091e+06
8.140000000000000568e+01 3.618856365946863312e+06
8.150000000000000000e+01 3.616423003728832584e+06
8.159999999999999432e+01 3.613994258615325671e+06
8.170000000000000284e+01 3.611570116203644313e+06
8.179999999999999716e+01 3.609150562153565697e+06
8.190000000000000568e+01 3.606735582187008113e+06
8.200000000000000000e+01 3.604325162087674718e+06
8.209999999999999432e+01 3.601919287700740155e+06
8.220000000000000284e+01 3.599517944932457991e+06
8.229999999999999716e+01 3.597121119749892969e+06
8.240000000000000568e+01 3.594728798180522863e+06
8.250000000000000000e+01 3.592340966311922763e+06
8.259999999999999432e+01 3.589957610291475896e+06
8.270000000000000284e+01 3.587578716325974092e+06
8.279999999999999716e+01 3.585204270681343507e+06
8.290000000000000568e+01 3.582834259682300966e+06
8.300000000000000000e+01 3.580468669712044764e+06
8.309999999999999432e+01 3.578107487211907282e+06
8.320000000000000284e+01 3.575750698681063950e+06
8.329999999999999716e+01 3.573398290676202159e+06
8.340000000000000568e+01 3.571050249811225571e+06
8.350000000000000000e+01 3.568706562756919768e+06
8.359999999999999432e+01 3.566367216240650043e+06
8.370000000000000284e+01 3.564032197046068963e+06
8.379999999999999716e+01 3.561701492012778763e+06
8.390000000000000568e+01 3.559375088036068715e+06
8.400000000000000000e+01 3.557052972066584043e+06
8.409999999999999432e+01 3.554735131110035814e+06
8.420000000000000284e+01 3.552421552226899192e+06
8.429999999999999716e+01 3.550112222532128450e+06
8.440000000000000568e+01 3.547807129194849636e+06
8.450000000000000000e+01 3.545506259438070003e+06
8.459999999999999432e+01 3.543209600538419094e+06
8.470000000000000284e+01 3.540917139825814404e+06
8.479999999999999716e+01 3.538628864683185704e+06
8.490000000000000568e+01 3.536344762546235695e+06
8.500000000000000000e+01 3.534064820903094020e+06
8.509999999999999432e+01 3.531789027294083033e+06
8.520000000000000284e+01 3.529517369311421644e+06
8.529999999999999716e+01 3.527249834598937072e+06
8.540000000000000568e+01 3.524986410851822235e+06
8.550000000000000000e+01 3.522727085816327948e+06
8.559999999999999432e+01 3.520471847289507277e+06
8.570000000000000284e+01 3.518220683118953835e+06
8.579999999999999716e+01 3.515973581202526577e+06
8.590000000000000568e+01 3.513730529488063417e+06
8.600000000000000000e+01 3.511491515973156318e+06
8.609999999999999432e+01 3.509256528704860248e+06
8.620000000000000284e+01 3.507025555779436603e+06
8.629999999999999716e+01 3.504798585342098027e+06
8.640000000000000568e+01 3.502575605586754624e+06
8.650000000000000000e+01 3.500356604755754583e+06
8.659999999999999432e+01 3.498141571139610372e+06
8.670000000000000284e+01 3.495930493076778017e+06
8.679999999999999716e+01 3.493723358953398652e+06
8.690000000000000568e+01 3.491520157203023322e+06
8.700000000000000000e+01 3.489320876306393184e+06
8.709999999999999432e+01 3.487125504791186191e+06
8.720000000000000284e+01 3.484934031231749803e+06
8.729999999999999716e+01 3.482746444248922635e+06
8.740000000000000568e+01 3.480562732509689406e+06
8.750000000000000000e+01 3.478382884727032855e+06
8.759999999999999432e+01 3.476206889659663197e+06
8.770000000000000284e+01 3.474034736111763865e+06
8.779999999999999716e+01 3.471866412932780571e+06
8.790000000000000568e+01 3.469701909017161466e+06
8.800000000000000000e+01 3.467541213304164354e+06
8.809999999999999432e+01 3.465384314777581487e+06
8.820000000000000284e+01 3.463231202465536539e+06
8.829999999999999716e+01 3.461081865440246183e+06
8.840000000000000568e+01 3.458936292817804962e+06
8.850000000000000000e+01 3.456794473757941741e+06
8.859999999999999432e+01 3.454656397463805508e+06
8.870000000000000284e+01 3.452522053181746509e+06
8.879999999999999716e+01 3.450391430201089010e+06
8.890000000000000568e+01 3.448264517853906844e+06
8.900000000000000000e+01 3.446141305514818523e+06
8.909999999999999432e+01 3.444021782600759529e+06
8.920000000000000284e+01 3.441905938570771832e+06
8.929999999999999716e+01 3.439793762925782241e+06
8.940000000000000568e+01 3.437685245208397042e+06
8.950000000000000000e+01 3.435580375002688263e+06
8.959999999999999432e+01 3.433479141933980398e+06
8.970000000000000284e+01 3.431381535668635741e+06
8.979999999999999716e+01 3.429287545913868118e+06
8.990000000000000568e+01 3.427197162417509127e+06
9.000000000000000000e+01 3.425110374967823736e+06
9.009999999999999432e+01 3.423027173393293284e+06
9.020000000000000284e+01 3.420947547562416643e+06
9.029999999999999716e+01 3.418871487383517437e+06
9.040000000000000568e+01 3.416798982804512139e+06
9.050000000000000000e+01 3.414730023812759202e+06
9.059999999999999432e+01 3.412664600434830878e+06
9.070000000000000284e+01 3.410602702736312989e+06
9.079999999999999716e+01 3.408544320821621921e+06
9.090000000000000568e+01 3.406489444833811838e+06
9.100000000000000000e+01 3.404438064954365138e+06
9.109999999999999432e+01 3.402390171403030865e+06
9.120000000000000284e+01 3.400345754437587690e+06
9.129999999999999716e+01 3.398304804353703745e+06
9.140000000000000568e+01 3.396267311484716367e+06
9.150000000000000000e+01 3.394233266201459337e+06
9.159999999999999432e+01 3.392202658912062179e+06
9.170000000000000284e+01 3.390175480061782524e+06
9.179999999999999716e+01 3.388151720132811926e+06
9.190000000000000568e+01 3.386131369644087274e+06
9.200000000000000000e+01 3.384114419151135720e+06
9.209999999999999432e+01 3.382100859245858621e+06
9.220000000000000284e+01 3.380090680556377396e+06
9.229999999999999716e+01 3.378083873746840283e+06
9.240000000000000568e+01 3.376080429517249111e+06
9.250000000000000000e+01 3.374080338603293989e+06
9.259999999999999432e+01 3.372083591776168440e+06
9.270000000000000284e+01 3.370090179842384998e+06
9.279999999999999716e+01 3.368100093643618748e+06
9.290000000000000568e+01 3.366113324056532700e+06
9.300000000000000000e+01 3.364129861992598977e+06
9.309999999999999432e+01 3.362149698397926986e+06
9.320000000000000284e+01 3.360172824253116734e+06
9.329999999999999716e+01 3.358199230573062785e+06
9.340000000000000568e+01 3.356228908406788949e+06
9.350000000000000000e+01 3.354261848837312777e+06
9.359999999999999432e+01 3.352298042981442995e+06
9.370000000000000284e+01 3.350337481989645399e+06
9.379999999999999716e+01 3.348380157045851462e+06
9.390000000000000568e+01 3.346426059367323294e+06
9.400000000000000000e+01 3.344475180204470176e+06
9.409999999999999432e+01 3.342527510840701871e+06
9.420000000000000284e+01 3.340583042592266575e+06
9.429999999999999716e+01 3.338641766808099113e+06
9.440000000000000568e+01 3.336703674869632348e+06
9.450000000000000000e+01 3.334768758190694265e+06
9.459999999999999432e+01 3.332837008217294700e+06
9.470000000000000284e+01 3.330908416427514050e+06
9.479999999999999716e+01 3.328982974331334233e+06
9.490000000000000568e+01 3.327060673470467329e+06
9.500000000000000000e+01 3.325141505418248475e+06
9.509999999999999432e+01 3.323225461779430974e+06
9.520000000000000284e+01 3.321312534190087114e+06
9.529999999999999716e+01 3.319402714317406993e+06
9.540000000000000568e+01 3.317495993859604932e+06
9.550000000000000000e+01 3.315592364545718301e+06
9.559999999999999432e+01 3.313691818135505076e+06
9.570000000000000284e+01 3.311794346419274807e+06
9.579999999999999716e+01 3.309899941217740998e+06
9.590000000000000568e+01 3.308008594381893054e+06
9.600000000000000000e+01 3.306120297792844474e+06
9.609999999999999432e+01 3.304235043361671735e+06
9.620000000000000284e+01 3.302352823029321153e+06
9.629999999999999716e+01 3.300473628766399808e+06
9.640000000000000568e+01 3.298597452573108021e+06
9.650000000000000000e+01 3.296724286479044706e+06
9.659999999999999432e+01 3.294854122543093748e+06
9.670000000000000284e+01 3.292986952853270341e+06
9.679999999999999716e+01 3.291122769526624121e+06
9.690000000000000568e+01 3.289261564709037542e+06
9.700000000000000000e+01 3.287403330575156957e+06
9.709999999999999432e+01 3.285548059328205884e+06
9.720000000000000284e+01 3.283695743199890479e+06
9.729999999999999716e+01 3.281846374450233299e+06
9.740000000000000568e+01 3.279999945367473643e+06
9.750000000000000000e+01 3.278156448267908767e+06
9.759999999999999432e+01 3.276315875495762099e+06
9.770000000000000284e+01 3.274478219423099421e+06
9.779999999999999716e+01 3.272643472449627705e+06
9.790000000000000568e+01 3.270811627002617810e+06
9.800000000000000000e+01 3.268982675536768511e+06
9.809999999999999432e+01 3.267156610534067731e+06
9.820000000000000284e+01 3.265333424503667280e+06
9.829999999999999716e+01 3.263513109981778543e+06
9.840000000000000568e+01 3.261695659531492740e+06
9.850000000000000000e+01 3.259881065742738079e+06
9.859999999999999432e+01 3.258069321232082788e+06
9.870000000000000284e+01 3.256260418642657809e+06
9.879999999999999716e+01 3.254454350644007791e+06
9.890000000000000568e+01 3.252651109931981191e+06
9.900000000000000000e+01 3.250850689228617586e+06
9.909999999999999432e+01 3.249053081282009371e+06
9.920000000000000284e+01 3.247258278866190929e+06
9.929999999999999716e+01 3.245466274781027809e+06
9.940000000000000568e+01 3.243677061852080282e+06
9.950000000000000000e+01 3.241890632930501364e+06
9.959999999999999432e+01 3.240106980892918073e+06
9.970000000000000284e+01 3.238326098641312215e+06
9.979999999999999716e+01 3.236547979102890007e+06
9.990000000000000568e+01 3.234772615230001975e+06
