1.000000000000000056e-01 0.000000000000000000e+00
2.000000000000000111e-01 0.000000000000000000e+00
3.000000000000000444e-01 0.000000000000000000e+00
4.000000000000000222e-01 0.000000000000000000e+00
5.000000000000000000e-01 0.000000000000000000e+00
5.999999999999999778e-01 0.000000000000000000e+00
7.000000000000000666e-01 4.036347755555389633e-02
8.000000000000000444e-01 1.415219131913193484e-01
9.000000000000000222e-01 2.426803488270849463e-01
1.000000000000000000e+00 3.438387844628503220e-01
1.100000000000000089e+00 4.449972200986159199e-01
1.200000000000000178e+00 5.461556557343818508e-01
1.300000000000000266e+00 6.487266503634397941e-01
1.400000000000000133e+00 7.527102039857899163e-01
1.500000000000000222e+00 8.566937576081412598e-01
1.600000000000000089e+00 9.548785988432222371e-01
1.700000000000000178e+00 1.053063440078303437e+00
1.800000000000000266e+00 1.147659081493851874e+00
1.900000000000000133e+00 1.238665523089866216e+00
2.000000000000000000e+00 1.331327307973238838e+00
2.100000000000000089e+00 1.423572585442964611e+00
2.200000000000000178e+00 1.515817862912691716e+00
2.300000000000000266e+00 1.610217021549280370e+00
2.400000000000000355e+00 1.706770061352736789e+00
2.500000000000000444e+00 1.803323101156191655e+00
2.600000000000000089e+00 1.889104309747437815e+00
2.700000000000000178e+00 1.974885518338685975e+00
2.800000000000000266e+00 2.060666726929930359e+00
2.900000000000000355e+00 2.146447935521177630e+00
3.000000000000000444e+00 2.232229144112424901e+00
3.100000000000000089e+00 2.318171072431554069e+00
3.200000000000000178e+00 2.404113000750685458e+00
3.300000000000000266e+00 2.490054929069815515e+00
3.400000000000000355e+00 2.575996857388945571e+00
3.500000000000000444e+00 2.661938785708076516e+00
3.600000000000000089e+00 2.756777745107009014e+00
3.700000000000000178e+00 2.851616704505939293e+00
3.800000000000000266e+00 2.946455663904870459e+00
3.900000000000000355e+00 3.041294623303801181e+00
4.000000000000000000e+00 3.136133582702733236e+00
4.099999999999999645e+00 3.231375077425585829e+00
4.200000000000000178e+00 3.326616572148438866e+00
4.299999999999999822e+00 3.421858066871291459e+00
4.399999999999999467e+00 3.517099561594141832e+00
4.500000000000000000e+00 3.612341056316995314e+00
4.599999999999999645e+00 3.705091621702004900e+00
4.700000000000000178e+00 3.797842187087011823e+00
4.799999999999999822e+00 3.890592752472016969e+00
4.900000000000000355e+00 3.983343317857028332e+00
5.000000000000000000e+00 4.076093883242035254e+00
5.099999999999999645e+00 4.170729902699065406e+00
5.200000000000000178e+00 4.265365922156094669e+00
5.299999999999999822e+00 4.360001941613118603e+00
5.400000000000000355e+00 4.454637961070155860e+00
5.500000000000000000e+00 4.549273980527181571e+00
5.599999999999999645e+00 4.641041710238931195e+00
5.700000000000000178e+00 4.732809439950675490e+00
5.799999999999999822e+00 4.824577169662423337e+00
5.900000000000000355e+00 4.916344899374169408e+00
6.000000000000000000e+00 5.008112629085914591e+00
6.099999999999999645e+00 5.008112629085914591e+00
6.200000000000000178e+00 5.008112629085914591e+00
6.299999999999999822e+00 5.008112629085914591e+00
6.400000000000000355e+00 5.008112629085914591e+00
6.500000000000000000e+00 5.008112629085914591e+00
6.599999999999999645e+00 5.008112629085914591e+00
6.700000000000000178e+00 5.008112629085914591e+00
6.799999999999999822e+00 5.008112629085914591e+00
6.900000000000000355e+00 5.008112629085914591e+00
7.000000000000000000e+00 5.008112629085914591e+00
7.099999999999999645e+00 5.008112629085914591e+00
7.200000000000000178e+00 5.008112629085914591e+00
7.299999999999999822e+00 5.008112629085914591e+00
7.400000000000000355e+00 5.008112629085914591e+00
7.500000000000000000e+00 5.008112629085914591e+00
7.599999999999999645e+00 5.008112629085914591e+00
7.700000000000000178e+00 5.008112629085914591e+00
7.799999999999999822e+00 5.008112629085914591e+00
7.900000000000000355e+00 5.008112629085914591e+00
8.000000000000000000e+00 5.008112629085916367e+00
8.099999999999999645e+00 5.085750707042927310e+00
8.199999999999999289e+00 5.163388784999940917e+00
8.300000000000000711e+00 5.241026862956955412e+00
8.400000000000000355e+00 5.318664940913971684e+00
8.500000000000000000e+00 5.396303018870983514e+00
8.599999999999999645e+00 5.473941096827990904e+00
8.699999999999999289e+00 5.551579174785010728e+00
8.800000000000000711e+00 5.629217252742019006e+00
8.900000000000000355e+00 5.706855330699029949e+00
9.000000000000000000e+00 5.784493408656048885e+00
9.099999999999999645e+00 5.876429661478518085e+00
9.199999999999999289e+00 5.968365914300994390e+00
9.300000000000000711e+00 6.060302167123469808e+00
9.400000000000000355e+00 6.152238419945942560e+00
9.500000000000000000e+00 6.244174672768413537e+00
9.599999999999999645e+00 6.336110925590886289e+00
9.700000000000001066e+00 6.428047178413367035e+00
9.800000000000000711e+00 6.519983431235835347e+00
9.900000000000000355e+00 6.611919684058311653e+00
1.000000000000000000e+01 6.703855936880782629e+00
1.009999999999999964e+01 6.815016383875995842e+00
1.020000000000000107e+01 6.926176830871217938e+00
1.030000000000000071e+01 7.037337277866432039e+00
1.040000000000000036e+01 7.148497724861648805e+00
1.050000000000000000e+01 7.259658171856865572e+00
1.059999999999999964e+01 7.370818618852085002e+00
1.070000000000000107e+01 7.481979065847298216e+00
1.080000000000000071e+01 7.593139512842514982e+00
1.090000000000000036e+01 7.704299959837733525e+00
1.100000000000000000e+01 7.815460406832947626e+00
1.109999999999999964e+01 7.957211144265238012e+00
1.120000000000000107e+01 8.098961881697517740e+00
1.130000000000000071e+01 8.240712619129814343e+00
1.140000000000000036e+01 8.382463356562110945e+00
1.150000000000000000e+01 8.524214093994379127e+00
1.159999999999999964e+01 8.665964831426684611e+00
1.170000000000000107e+01 8.807715568858961674e+00
1.180000000000000071e+01 8.949466306291238737e+00
1.190000000000000036e+01 9.091217043723538893e+00
1.200000000000000000e+01 9.232967781155823062e+00
1.209999999999999964e+01 9.437745075499883285e+00
1.220000000000000107e+01 9.642522369843934626e+00
1.230000000000000071e+01 9.847299664188007284e+00
1.240000000000000036e+01 1.005207695853205507e+01
1.250000000000000000e+01 1.025685425287611885e+01
1.259999999999999964e+01 1.046163154722016664e+01
1.270000000000000107e+01 1.066640884156422331e+01
1.280000000000000071e+01 1.087118613590829774e+01
1.290000000000000036e+01 1.107596343025235264e+01
1.300000000000000000e+01 1.128074072459640753e+01
1.309999999999999964e+01 1.138618949369916677e+01
1.320000000000000107e+01 1.149163826280192247e+01
1.330000000000000071e+01 1.159708703190467283e+01
1.340000000000000036e+01 1.170253580100743918e+01
1.350000000000000000e+01 1.180798457011017533e+01
1.359999999999999964e+01 1.191343333921293279e+01
1.370000000000000107e+01 1.201888210831569026e+01
1.380000000000000071e+01 1.212433087741846194e+01
1.390000000000000036e+01 1.222977964652120697e+01
1.400000000000000000e+01 1.233522841562397154e+01
1.409999999999999964e+01 1.244067718472671302e+01
1.420000000000000107e+01 1.254612595382948292e+01
1.430000000000000071e+01 1.265157472293223151e+01
1.440000000000000036e+01 1.275702349203498187e+01
1.450000000000000000e+01 1.286247226113774822e+01
1.459999999999999964e+01 1.296792103024050746e+01
1.470000000000000107e+01 1.307336979934325072e+01
1.480000000000000071e+01 1.317881856844600641e+01
1.490000000000000036e+01 1.328426733754876210e+01
1.500000000000000000e+01 1.338971610665152134e+01
1.509999999999999964e+01 1.348128080902445092e+01
1.520000000000000107e+01 1.357284551139739293e+01
1.530000000000000071e+01 1.366441021377033671e+01
1.540000000000000036e+01 1.375597491614326628e+01
1.550000000000000000e+01 1.384753961851619408e+01
1.559999999999999964e+01 1.393910432088915208e+01
1.570000000000000107e+01 1.403066902326206744e+01
1.580000000000000071e+01 1.412223372563501833e+01
1.590000000000000036e+01 1.421379842800794258e+01
1.600000000000000000e+01 1.430536313038088458e+01
1.610000000000000142e+01 1.439692783275382837e+01
1.620000000000000284e+01 1.448849253512677215e+01
1.630000000000000071e+01 1.458005723749969640e+01
1.640000000000000213e+01 1.467162193987262420e+01
1.650000000000000355e+01 1.476318664224556265e+01
1.660000000000000142e+01 1.485475134461850111e+01
1.670000000000000284e+01 1.494631604699143246e+01
1.680000000000000071e+01 1.503788074936437269e+01
1.690000000000000213e+01 1.512944545173731470e+01
1.700000000000000355e+01 1.522101015411024960e+01
1.710000000000000142e+01 1.531257485648318628e+01
1.720000000000000284e+01 1.540413955885612296e+01
1.730000000000000071e+01 1.549570426122905964e+01
1.740000000000000213e+01 1.558726896360199277e+01
1.750000000000000355e+01 1.567883366597493833e+01
1.760000000000000142e+01 1.577039836834786257e+01
1.770000000000000284e+01 1.586196307072080280e+01
1.780000000000000071e+01 1.595352777309373060e+01
1.790000000000000213e+01 1.604509247546667439e+01
1.800000000000000355e+01 1.613665717783960929e+01
1.810000000000000142e+01 1.621351401245963686e+01
1.820000000000000284e+01 1.629037084707966088e+01
1.830000000000000071e+01 1.636722768169968134e+01
1.840000000000000213e+01 1.644408451631973023e+01
1.850000000000000355e+01 1.652094135093973648e+01
1.860000000000000142e+01 1.659779818555979958e+01
1.870000000000000284e+01 1.667465502017981649e+01
1.880000000000000071e+01 1.675151185479984406e+01
1.890000000000000213e+01 1.682836868941988939e+01
1.900000000000000355e+01 1.690522552403991341e+01
1.910000000000000142e+01 1.698208235865994453e+01
1.920000000000000284e+01 1.705893919327996500e+01
1.930000000000000426e+01 1.713579602789997836e+01
1.940000000000000213e+01 1.721265286252004856e+01
1.950000000000000355e+01 1.728950969714003350e+01
1.960000000000000142e+01 1.736636653176010725e+01
1.970000000000000284e+01 1.744322336638013127e+01
1.980000000000000426e+01 1.752008020100018726e+01
1.990000000000000213e+01 1.759693703562018285e+01
2.000000000000000355e+01 1.767379387024021398e+01
2.010000000000000142e+01 1.776839596252808917e+01
2.020000000000000284e+01 1.786299805481591463e+01
2.030000000000000426e+01 1.795760014710375430e+01
2.040000000000000213e+01 1.805220223939162594e+01
2.050000000000000355e+01 1.814680433167946205e+01
2.060000000000000142e+01 1.824140642396731948e+01
2.070000000000000284e+01 1.833600851625515560e+01
2.080000000000000426e+01 1.843061060854304145e+01
2.090000000000000213e+01 1.852521270083089533e+01
2.100000000000000355e+01 1.861981479311871013e+01
2.110000000000000142e+01 1.871441688540656401e+01
2.120000000000000284e+01 1.880901897769442854e+01
2.130000000000000426e+01 1.890362106998228953e+01
2.140000000000000213e+01 1.899822316227011498e+01
2.150000000000000355e+01 1.909282525455796886e+01
2.160000000000000142e+01 1.918742734684583695e+01
2.170000000000000284e+01 1.928202943913365885e+01
2.180000000000000426e+01 1.937663153142151984e+01
2.190000000000000213e+01 1.947123362370937727e+01
2.200000000000000355e+01 1.956583571599724891e+01
2.210000000000000142e+01 1.966043780828506016e+01
2.220000000000000284e+01 1.975503990057293535e+01
2.230000000000000426e+01 1.984964199286077502e+01
2.240000000000000213e+01 1.994424408514861113e+01
2.250000000000000355e+01 2.003884617743648633e+01
2.260000000000000142e+01 2.013344826972431534e+01
2.270000000000000284e+01 2.022805036201217987e+01
2.280000000000000426e+01 2.032265245430005862e+01
2.290000000000000213e+01 2.041725454658788408e+01
2.300000000000000355e+01 2.051185663887575927e+01
2.310000000000000142e+01 2.060645873116358473e+01
2.320000000000000284e+01 2.070106082345144216e+01
2.330000000000000426e+01 2.079566291573928538e+01
2.340000000000000213e+01 2.089026500802714992e+01
2.350000000000000355e+01 2.098486710031497537e+01
2.360000000000000142e+01 2.107946919260284346e+01
2.370000000000000284e+01 2.117407128489068668e+01
2.380000000000000426e+01 2.126867337717854767e+01
2.390000000000000213e+01 2.136327546946639089e+01
2.400000000000000355e+01 2.145787756175426253e+01
2.410000000000000142e+01 2.155247965404210220e+01
2.420000000000000284e+01 2.164708174632994186e+01
2.430000000000000426e+01 2.174168383861779930e+01
2.440000000000000213e+01 2.183628593090566028e+01
2.450000000000000355e+01 2.193088802319349639e+01
2.460000000000000142e+01 2.202549011548137159e+01
2.470000000000000284e+01 2.212009220776920770e+01
2.480000000000000426e+01 2.221469430005704382e+01
2.490000000000000213e+01 2.230929639234490125e+01
2.500000000000000355e+01 2.240389848463275513e+01
2.510000000000000142e+01 2.249071645247035534e+01
2.520000000000000284e+01 2.257753442030799818e+01
2.530000000000000426e+01 2.266435238814561970e+01
2.540000000000000213e+01 2.275117035598321635e+01
2.550000000000000355e+01 2.283798832382083432e+01
2.560000000000000142e+01 2.292480629165844164e+01
2.570000000000000284e+01 2.301162425949607737e+01
2.580000000000000426e+01 2.309844222733369179e+01
2.590000000000000213e+01 2.318526019517130621e+01
2.600000000000000355e+01 2.327207816300888865e+01
2.610000000000000142e+01 2.335889613084654570e+01
2.620000000000000284e+01 2.344571409868411394e+01
2.630000000000000426e+01 2.353253206652176033e+01
2.640000000000000213e+01 2.361935003435938540e+01
2.650000000000000355e+01 2.370616800219698206e+01
2.660000000000000142e+01 2.379298597003459292e+01
2.670000000000000284e+01 2.387980393787222155e+01
2.680000000000000426e+01 2.396662190570983597e+01
2.690000000000000213e+01 2.405343987354742907e+01
2.700000000000000355e+01 2.414025784138505060e+01
2.710000000000000142e+01 2.422707580922262594e+01
2.720000000000000284e+01 2.431389377706029364e+01
2.730000000000000426e+01 2.440071174489792227e+01
2.740000000000000213e+01 2.448752971273553314e+01
2.750000000000000355e+01 2.457434768057310848e+01
2.760000000000000142e+01 2.466116564841073000e+01
2.770000000000000284e+01 2.474798361624836573e+01
2.780000000000000426e+01 2.483480158408597660e+01
2.790000000000000213e+01 2.492161955192360523e+01
2.800000000000000355e+01 2.500843751976121965e+01
2.810000000000000142e+01 2.509525548759885183e+01
2.820000000000000284e+01 2.518207345543644138e+01
2.830000000000000426e+01 2.526889142327405935e+01
2.840000000000000213e+01 2.535570939111166666e+01
2.850000000000000355e+01 2.544252735894930950e+01
2.860000000000000142e+01 2.552934532678689550e+01
2.870000000000000284e+01 2.561616329462453123e+01
2.880000000000000426e+01 2.570298126246212433e+01
2.890000000000000213e+01 2.578979923029973165e+01
2.900000000000000355e+01 2.587661719813736738e+01
2.910000000000000142e+01 2.596343516597497114e+01
2.920000000000000284e+01 2.605025313381260332e+01
2.930000000000000426e+01 2.613707110165022485e+01
2.940000000000000213e+01 2.622388906948782505e+01
2.950000000000000355e+01 2.631070703732542881e+01
2.960000000000000142e+01 2.639752500516306455e+01
2.970000000000000284e+01 2.648434297300068962e+01
2.980000000000000426e+01 2.657116094083829339e+01
2.990000000000000213e+01 2.665797890867590070e+01
3.000000000000000355e+01 2.674479687651351512e+01
3.010000000000000142e+01 2.681226888993220214e+01
3.020000000000000284e+01 2.687974090335092825e+01
3.030000000000000426e+01 2.694721291676963659e+01
3.040000000000000213e+01 2.701468493018835204e+01
3.050000000000000355e+01 2.708215694360703196e+01
3.060000000000000142e+01 2.714962895702575096e+01
3.070000000000000284e+01 2.721710097044444865e+01
3.080000000000000426e+01 2.728457298386316410e+01
3.090000000000000213e+01 2.735204499728185823e+01
3.100000000000000355e+01 2.741951701070058434e+01
3.110000000000000142e+01 2.748698902411926426e+01
3.120000000000000284e+01 2.755446103753798681e+01
3.130000000000000426e+01 2.762193305095668450e+01
3.140000000000000213e+01 2.768940506437541060e+01
3.150000000000000355e+01 2.775687707779408697e+01
3.160000000000000142e+01 2.782434909121279532e+01
3.170000000000000284e+01 2.789182110463150721e+01
3.180000000000000426e+01 2.795929311805020490e+01
3.190000000000000213e+01 2.802676513146890258e+01
3.200000000000000000e+01 2.809423714488762158e+01
3.210000000000000142e+01 2.816170915830634769e+01
3.220000000000000284e+01 2.822918117172502050e+01
3.230000000000000426e+01 2.829665318514373595e+01
3.240000000000000568e+01 2.836412519856245495e+01
3.250000000000000000e+01 2.843159721198117040e+01
3.260000000000000142e+01 2.849906922539983967e+01
3.270000000000000284e+01 2.856654123881855156e+01
3.280000000000000426e+01 2.863401325223727056e+01
3.290000000000000568e+01 2.870148526565596114e+01
3.300000000000000000e+01 2.876895727907470501e+01
3.310000000000000142e+01 2.883642929249339559e+01
3.320000000000000284e+01 2.890390130591207907e+01
3.330000000000000426e+01 2.897137331933078741e+01
3.340000000000000568e+01 2.903884533274951707e+01
3.350000000000000000e+01 2.910631734616820410e+01
3.360000000000000142e+01 2.917378935958689468e+01
3.370000000000000284e+01 2.924126137300561368e+01
3.380000000000000426e+01 2.930873338642432557e+01
3.390000000000000568e+01 2.937620539984301260e+01
3.400000000000000000e+01 2.944367741326171739e+01
3.410000000000000142e+01 2.951114942668044705e+01
3.420000000000000284e+01 2.957862144009913408e+01
3.430000000000000426e+01 2.964609345351783176e+01
3.440000000000000568e+01 2.971356546693654721e+01
3.450000000000000000e+01 2.978103748035525200e+01
3.460000000000000142e+01 2.984850949377394969e+01
3.470000000000000284e+01 2.991598150719267224e+01
3.480000000000000426e+01 2.998345352061136637e+01
3.490000000000000568e+01 3.005092553403010314e+01
3.500000000000000000e+01 3.011839754744877951e+01
3.510000000000000142e+01 3.018586956086749495e+01
3.520000000000000284e+01 3.025334157428621751e+01
3.530000000000000426e+01 3.032081358770492585e+01
3.540000000000000568e+01 3.038828560112362709e+01
3.550000000000000000e+01 3.045575761454231767e+01
3.560000000000000142e+01 3.052322962796101535e+01
3.570000000000000284e+01 3.059070164137974501e+01
3.580000000000000426e+01 3.065817365479842138e+01
3.590000000000000568e+01 3.072564566821714394e+01
3.600000000000000000e+01 3.079311768163585228e+01
3.610000000000000142e+01 3.086058969505452509e+01
3.620000000000000284e+01 3.092806170847325120e+01
3.630000000000000426e+01 3.099553372189196310e+01
3.640000000000000568e+01 3.106300573531068565e+01
3.650000000000000000e+01 3.113047774872937978e+01
3.660000000000000142e+01 3.119794976214808457e+01
3.670000000000000284e+01 3.126542177556678936e+01
3.680000000000000426e+01 3.133289378898551192e+01
3.690000000000000568e+01 3.140036580240418473e+01
3.700000000000000000e+01 3.146783781582287887e+01
3.710000000000000142e+01 3.153530982924161208e+01
3.720000000000000284e+01 3.160278184266030621e+01
3.730000000000000426e+01 3.167025385607899324e+01
3.740000000000000568e+01 3.173772586949772290e+01
3.750000000000000000e+01 3.180519788291644190e+01
3.760000000000000142e+01 3.187266989633513958e+01
3.770000000000000284e+01 3.194014190975382661e+01
3.780000000000000426e+01 3.200761392317254916e+01
3.790000000000000568e+01 3.207508593659126461e+01
3.800000000000000000e+01 3.214255795000995164e+01
3.810000000000000142e+01 3.221002996342865998e+01
3.820000000000000284e+01 3.227750197684733990e+01
3.830000000000000426e+01 3.234497399026605535e+01
3.840000000000000568e+01 3.241244600368479212e+01
3.850000000000000711e+01 3.247991801710350046e+01
3.860000000000000142e+01 3.254739003052218749e+01
3.870000000000000284e+01 3.261486204394091004e+01
3.880000000000000426e+01 3.268233405735961128e+01
3.890000000000000568e+01 3.274980607077831962e+01
3.900000000000000711e+01 3.281727808419701375e+01
3.910000000000000142e+01 3.288475009761567946e+01
3.920000000000000284e+01 3.295222211103443044e+01
3.930000000000000426e+01 3.301969412445313168e+01
3.940000000000000568e+01 3.308716613787183292e+01
3.950000000000000711e+01 3.315463815129053415e+01
3.960000000000000142e+01 3.322211016470921408e+01
3.970000000000000284e+01 3.328958217812794373e+01
3.980000000000000426e+01 3.335705419154667339e+01
3.990000000000000568e+01 3.342452620496533200e+01
4.000000000000000711e+01 3.349199821838404745e+01
4.010000000000000142e+01 3.349199821838404745e+01
4.020000000000000284e+01 3.349199821838404745e+01
4.030000000000000426e+01 3.349199821838404745e+01
4.040000000000000568e+01 3.349199821838404745e+01
4.050000000000000711e+01 3.349199821838404745e+01
4.060000000000000142e+01 3.349199821838404745e+01
4.070000000000000284e+01 3.349199821838404745e+01
4.080000000000000426e+01 3.349199821838404745e+01
4.090000000000000568e+01 3.349199821838404745e+01
4.100000000000000711e+01 3.349199821838404745e+01
4.110000000000000142e+01 3.349199821838404745e+01
4.120000000000000284e+01 3.349199821838404745e+01
4.130000000000000426e+01 3.349199821838404745e+01
4.140000000000000568e+01 3.349199821838404745e+01
4.150000000000000711e+01 3.349199821838404745e+01
4.160000000000000142e+01 3.349199821838404745e+01
4.170000000000000284e+01 3.349199821838404745e+01
4.180000000000000426e+01 3.349199821838404745e+01
4.190000000000000568e+01 3.349199821838404745e+01
4.200000000000000711e+01 3.349199821838404745e+01
4.210000000000000142e+01 3.349199821838404745e+01
4.220000000000000284e+01 3.349199821838404745e+01
4.230000000000000426e+01 3.349199821838404745e+01
4.240000000000000568e+01 3.349199821838404745e+01
4.250000000000000711e+01 3.349199821838404745e+01
4.260000000000000142e+01 3.349199821838404745e+01
4.270000000000000284e+01 3.349199821838404745e+01
4.280000000000000426e+01 3.349199821838404745e+01
4.290000000000000568e+01 3.349199821838404745e+01
4.300000000000000711e+01 3.349199821838404745e+01
4.310000000000000142e+01 3.349199821838404745e+01
4.320000000000000284e+01 3.349199821838404745e+01
4.330000000000000426e+01 3.349199821838404745e+01
4.340000000000000568e+01 3.349199821838404745e+01
4.350000000000000711e+01 3.349199821838404745e+01
4.360000000000000142e+01 3.349199821838404745e+01
4.370000000000000284e+01 3.349199821838404745e+01
4.380000000000000426e+01 3.349199821838404745e+01
4.390000000000000568e+01 3.349199821838404745e+01
4.400000000000000711e+01 3.349199821838404745e+01
4.410000000000000142e+01 3.349199821838404745e+01
4.420000000000000284e+01 3.349199821838404745e+01
4.430000000000000426e+01 3.349199821838404745e+01
4.440000000000000568e+01 3.349199821838404745e+01
4.450000000000000711e+01 3.349199821838404745e+01
4.460000000000000142e+01 3.349199821838404745e+01
4.470000000000000284e+01 3.349199821838404745e+01
4.480000000000000426e+01 3.349199821838404745e+01
4.490000000000000568e+01 3.349199821838404745e+01
4.500000000000000711e+01 3.349199821838404745e+01
4.510000000000000142e+01 3.349199821838404745e+01
4.520000000000000284e+01 3.349199821838404745e+01
4.530000000000000426e+01 3.349199821838404745e+01
4.540000000000000568e+01 3.349199821838404745e+01
4.550000000000000711e+01 3.349199821838404745e+01
4.560000000000000142e+01 3.349199821838404745e+01
4.570000000000000284e+01 3.349199821838404745e+01
4.580000000000000426e+01 3.349199821838404745e+01
4.590000000000000568e+01 3.349199821838404745e+01
4.600000000000000711e+01 3.349199821838404745e+01
4.610000000000000142e+01 3.349199821838404745e+01
4.620000000000000284e+01 3.349199821838404745e+01
4.630000000000000426e+01 3.349199821838404745e+01
4.640000000000000568e+01 3.349199821838404745e+01
4.650000000000000711e+01 3.349199821838404745e+01
4.660000000000000142e+01 3.349199821838404745e+01
4.670000000000000284e+01 3.349199821838404745e+01
4.680000000000000426e+01 3.349199821838404745e+01
4.690000000000000568e+01 3.349199821838404745e+01
4.700000000000000711e+01 3.349199821838404745e+01
4.710000000000000142e+01 3.349199821838404745e+01
4.720000000000000284e+01 3.349199821838404745e+01
4.730000000000000426e+01 3.349199821838404745e+01
4.740000000000000568e+01 3.349199821838404745e+01
4.750000000000000711e+01 3.349199821838404745e+01
4.760000000000000142e+01 3.349199821838404745e+01
4.770000000000000284e+01 3.349199821838404745e+01
4.780000000000000426e+01 3.349199821838404745e+01
4.790000000000000568e+01 3.349199821838404745e+01
4.800000000000000711e+01 3.349199821838404745e+01
4.810000000000000142e+01 3.349199821838404745e+01
4.820000000000000284e+01 3.349199821838404745e+01
4.830000000000000426e+01 3.349199821838404745e+01
4.840000000000000568e+01 3.349199821838404745e+01
4.850000000000000711e+01 3.349199821838404745e+01
4.860000000000000142e+01 3.349199821838404745e+01
4.870000000000000284e+01 3.349199821838404745e+01
4.880000000000000426e+01 3.349199821838404745e+01
4.890000000000000568e+01 3.349199821838404745e+01
4.900000000000000711e+01 3.349199821838404745e+01
4.910000000000000142e+01 3.349199821838404745e+01
4.920000000000000284e+01 3.349199821838404745e+01
4.930000000000000426e+01 3.349199821838404745e+01
4.940000000000000568e+01 3.349199821838404745e+01
4.950000000000000711e+01 3.349199821838404745e+01
4.960000000000000142e+01 3.349199821838404745e+01
4.970000000000000284e+01 3.349199821838404745e+01
4.980000000000000426e+01 3.349199821838404745e+01
4.990000000000000568e+01 3.349199821838404745e+01
5.000000000000000711e+01 3.349199821838404745e+01
5.010000000000000142e+01 3.349199821838404745e+01
5.020000000000000284e+01 3.349199821838404745e+01
5.030000000000000426e+01 3.349199821838404745e+01
5.040000000000000568e+01 3.349199821838404745e+01
5.050000000000000711e+01 3.349199821838404745e+01
5.060000000000000142e+01 3.349199821838404745e+01
5.070000000000000284e+01 3.349199821838404745e+01
5.080000000000000426e+01 3.349199821838404745e+01
5.090000000000000568e+01 3.349199821838404745e+01
5.100000000000000711e+01 3.349199821838404745e+01
5.110000000000000142e+01 3.349199821838404745e+01
5.120000000000000284e+01 3.349199821838404745e+01
5.130000000000000426e+01 3.349199821838404745e+01
5.140000000000000568e+01 3.349199821838404745e+01
5.150000000000000711e+01 3.349199821838404745e+01
5.160000000000000142e+01 3.349199821838404745e+01
5.170000000000000284e+01 3.349199821838404745e+01
5.180000000000000426e+01 3.349199821838404745e+01
5.190000000000000568e+01 3.349199821838404745e+01
5.200000000000000711e+01 3.349199821838404745e+01
5.210000000000000142e+01 3.349199821838404745e+01
5.220000000000000284e+01 3.349199821838404745e+01
5.230000000000000426e+01 3.349199821838404745e+01
5.240000000000000568e+01 3.349199821838404745e+01
5.250000000000000711e+01 3.349199821838404745e+01
5.260000000000000142e+01 3.349199821838404745e+01
5.270000000000000284e+01 3.349199821838404745e+01
5.280000000000000426e+01 3.349199821838404745e+01
5.290000000000000568e+01 3.349199821838404745e+01
5.300000000000000711e+01 3.349199821838404745e+01
5.310000000000000142e+01 3.349199821838404745e+01
5.320000000000000284e+01 3.349199821838404745e+01
5.330000000000000426e+01 3.349199821838404745e+01
5.340000000000000568e+01 3.349199821838404745e+01
5.350000000000000711e+01 3.349199821838404745e+01
5.360000000000000142e+01 3.349199821838404745e+01
5.370000000000000284e+01 3.349199821838404745e+01
5.380000000000000426e+01 3.349199821838404745e+01
5.390000000000000568e+01 3.349199821838404745e+01
5.400000000000000711e+01 3.349199821838404745e+01
5.410000000000000142e+01 3.349199821838404745e+01
5.420000000000000284e+01 3.349199821838404745e+01
5.430000000000000426e+01 3.349199821838404745e+01
5.440000000000000568e+01 3.349199821838404745e+01
5.450000000000000711e+01 3.349199821838404745e+01
5.460000000000000142e+01 3.349199821838404745e+01
5.470000000000000284e+01 3.349199821838404745e+01
5.480000000000000426e+01 3.349199821838404745e+01
5.490000000000000568e+01 3.349199821838404745e+01
5.500000000000000711e+01 3.349199821838404745e+01
5.510000000000000142e+01 3.349199821838404745e+01
5.520000000000000284e+01 3.349199821838404745e+01
5.530000000000000426e+01 3.349199821838404745e+01
5.540000000000000568e+01 3.349199821838404745e+01
5.550000000000000711e+01 3.349199821838404745e+01
5.560000000000000142e+01 3.349199821838404745e+01
5.570000000000000284e+01 3.349199821838404745e+01
5.580000000000000426e+01 3.349199821838404745e+01
5.590000000000000568e+01 3.349199821838404745e+01
5.600000000000000711e+01 3.349199821838404745e+01
5.610000000000000142e+01 3.349199821838404745e+01
5.620000000000000284e+01 3.349199821838404745e+01
5.630000000000000426e+01 3.349199821838404745e+01
5.640000000000000568e+01 3.349199821838404745e+01
5.650000000000000711e+01 3.349199821838404745e+01
5.660000000000000142e+01 3.349199821838404745e+01
5.670000000000000284e+01 3.349199821838404745e+01
5.680000000000000426e+01 3.349199821838404745e+01
5.690000000000000568e+01 3.349199821838404745e+01
5.700000000000000711e+01 3.349199821838404745e+01
5.710000000000000142e+01 3.349199821838404745e+01
5.720000000000000284e+01 3.349199821838404745e+01
5.730000000000000426e+01 3.349199821838404745e+01
5.740000000000000568e+01 3.349199821838404745e+01
5.750000000000000711e+01 3.349199821838404745e+01
5.760000000000000142e+01 3.349199821838404745e+01
5.770000000000000284e+01 3.349199821838404745e+01
5.780000000000000426e+01 3.349199821838404745e+01
5.790000000000000568e+01 3.349199821838404745e+01
5.800000000000000711e+01 3.349199821838404745e+01
5.810000000000000142e+01 3.349199821838404745e+01
5.820000000000000284e+01 3.349199821838404745e+01
5.830000000000000426e+01 3.349199821838404745e+01
5.840000000000000568e+01 3.349199821838404745e+01
5.850000000000000711e+01 3.349199821838404745e+01
5.860000000000000142e+01 3.349199821838404745e+01
5.870000000000000284e+01 3.349199821838404745e+01
5.880000000000000426e+01 3.349199821838404745e+01
5.890000000000000568e+01 3.349199821838404745e+01
5.900000000000000711e+01 3.349199821838404745e+01
5.910000000000000142e+01 3.349199821838404745e+01
5.920000000000000284e+01 3.349199821838404745e+01
5.930000000000000426e+01 3.349199821838404745e+01
5.940000000000000568e+01 3.349199821838404745e+01
5.950000000000000711e+01 3.349199821838404745e+01
5.960000000000000142e+01 3.349199821838404745e+01
5.970000000000000284e+01 3.349199821838404745e+01
5.980000000000000426e+01 3.349199821838404745e+01
5.990000000000000568e+01 3.349199821838404745e+01
6.000000000000000711e+01 3.349199821838404745e+01
6.010000000000000142e+01 3.349199821838404745e+01
6.020000000000000284e+01 3.349199821838404745e+01
6.030000000000000426e+01 3.349199821838404745e+01
6.040000000000000568e+01 3.349199821838404745e+01
6.050000000000000711e+01 3.349199821838404745e+01
6.060000000000000142e+01 3.349199821838404745e+01
6.070000000000000284e+01 3.349199821838404745e+01
6.080000000000000426e+01 3.349199821838404745e+01
6.090000000000000568e+01 3.349199821838404745e+01
6.100000000000000711e+01 3.349199821838404745e+01
6.110000000000000142e+01 3.349199821838404745e+01
6.120000000000000284e+01 3.349199821838404745e+01
6.130000000000000426e+01 3.349199821838404745e+01
6.140000000000000568e+01 3.349199821838404745e+01
6.150000000000000711e+01 3.349199821838404745e+01
6.160000000000000142e+01 3.349199821838404745e+01
6.170000000000000284e+01 3.349199821838404745e+01
6.180000000000000426e+01 3.349199821838404745e+01
6.190000000000000568e+01 3.349199821838404745e+01
6.200000000000000711e+01 3.349199821838404745e+01
6.210000000000000142e+01 3.349199821838404745e+01
6.220000000000000284e+01 3.349199821838404745e+01
6.230000000000000426e+01 3.349199821838404745e+01
6.240000000000000568e+01 3.349199821838404745e+01
6.250000000000000711e+01 3.349199821838404745e+01
6.260000000000000142e+01 3.349199821838404745e+01
6.270000000000000284e+01 3.349199821838404745e+01
6.280000000000000426e+01 3.349199821838404745e+01
6.290000000000000568e+01 3.349199821838404745e+01
6.300000000000000711e+01 3.349199821838404745e+01
6.310000000000000142e+01 3.349199821838404745e+01
6.320000000000000284e+01 3.349199821838404745e+01
6.330000000000000426e+01 3.349199821838404745e+01
6.340000000000000568e+01 3.349199821838404745e+01
6.350000000000000711e+01 3.349199821838404745e+01
6.360000000000000142e+01 3.349199821838404745e+01
6.370000000000000284e+01 3.349199821838404745e+01
6.380000000000000426e+01 3.349199821838404745e+01
6.390000000000000568e+01 3.349199821838404745e+01
6.400000000000000000e+01 3.349199821838404745e+01
6.409999999999999432e+01 3.349199821838404745e+01
6.420000000000000284e+01 3.349199821838404745e+01
6.429999999999999716e+01 3.349199821838404745e+01
6.439999999999999147e+01 3.349199821838404745e+01
6.450000000000000000e+01 3.349199821838404745e+01
6.459999999999999432e+01 3.349199821838404745e+01
6.470000000000000284e+01 3.349199821838404745e+01
6.479999999999999716e+01 3.349199821838404745e+01
6.489999999999999147e+01 3.349199821838404745e+01
6.500000000000000000e+01 3.349199821838404745e+01
6.509999999999999432e+01 3.349199821838404745e+01
6.520000000000000284e+01 3.349199821838404745e+01
6.529999999999999716e+01 3.349199821838404745e+01
6.539999999999999147e+01 3.349199821838404745e+01
6.550000000000000000e+01 3.349199821838404745e+01
6.559999999999999432e+01 3.349199821838404745e+01
6.570000000000000284e+01 3.349199821838404745e+01
6.579999999999999716e+01 3.349199821838404745e+01
6.589999999999999147e+01 3.349199821838404745e+01
6.600000000000000000e+01 3.349199821838404745e+01
6.609999999999999432e+01 3.349199821838404745e+01
6.620000000000000284e+01 3.349199821838404745e+01
6.629999999999999716e+01 3.349199821838404745e+01
6.639999999999999147e+01 3.349199821838404745e+01
6.650000000000000000e+01 3.349199821838404745e+01
6.659999999999999432e+01 3.349199821838404745e+01
6.670000000000000284e+01 3.349199821838404745e+01
6.679999999999999716e+01 3.349199821838404745e+01
6.689999999999999147e+01 3.349199821838404745e+01
6.700000000000000000e+01 3.349199821838404745e+01
6.709999999999999432e+01 3.349199821838404745e+01
6.720000000000000284e+01 3.349199821838404745e+01
6.729999999999999716e+01 3.349199821838404745e+01
6.739999999999999147e+01 3.349199821838404745e+01
6.750000000000000000e+01 3.349199821838404745e+01
6.759999999999999432e+01 3.349199821838404745e+01
6.770000000000000284e+01 3.349199821838404745e+01
6.779999999999999716e+01 3.349199821838404745e+01
6.789999999999999147e+01 3.349199821838404745e+01
6.800000000000000000e+01 3.349199821838404745e+01
6.809999999999999432e+01 3.349199821838404745e+01
6.820000000000000284e+01 3.349199821838404745e+01
6.829999999999999716e+01 3.349199821838404745e+01
6.839999999999999147e+01 3.349199821838404745e+01
6.850000000000000000e+01 3.349199821838404745e+01
6.859999999999999432e+01 3.349199821838404745e+01
6.870000000000000284e+01 3.349199821838404745e+01
6.879999999999999716e+01 3.349199821838404745e+01
6.889999999999999147e+01 3.349199821838404745e+01
6.900000000000000000e+01 3.349199821838404745e+01
6.909999999999999432e+01 3.349199821838404745e+01
6.920000000000000284e+01 3.349199821838404745e+01
6.929999999999999716e+01 3.349199821838404745e+01
6.939999999999999147e+01 3.349199821838404745e+01
6.950000000000000000e+01 3.349199821838404745e+01
6.959999999999999432e+01 3.349199821838404745e+01
6.970000000000000284e+01 3.349199821838404745e+01
6.979999999999999716e+01 3.349199821838404745e+01
6.989999999999999147e+01 3.349199821838404745e+01
7.000000000000000000e+01 3.349199821838404745e+01
7.009999999999999432e+01 3.349199821838404745e+01
7.020000000000000284e+01 3.349199821838404745e+01
7.029999999999999716e+01 3.349199821838404745e+01
7.039999999999999147e+01 3.349199821838404745e+01
7.050000000000000000e+01 3.349199821838404745e+01
7.059999999999999432e+01 3.349199821838404745e+01
7.070000000000000284e+01 3.349199821838404745e+01
7.079999999999999716e+01 3.349199821838404745e+01
7.089999999999999147e+01 3.349199821838404745e+01
7.100000000000000000e+01 3.349199821838404745e+01
7.109999999999999432e+01 3.349199821838404745e+01
7.120000000000000284e+01 3.349199821838404745e+01
7.129999999999999716e+01 3.349199821838404745e+01
7.139999999999999147e+01 3.349199821838404745e+01
7.150000000000000000e+01 3.349199821838404745e+01
7.159999999999999432e+01 3.349199821838404745e+01
7.170000000000000284e+01 3.349199821838404745e+01
7.179999999999999716e+01 3.349199821838404745e+01
7.189999999999999147e+01 3.349199821838404745e+01
7.200000000000000000e+01 3.349199821838404745e+01
7.209999999999999432e+01 3.349199821838404745e+01
7.220000000000000284e+01 3.349199821838404745e+01
7.229999999999999716e+01 3.349199821838404745e+01
7.239999999999999147e+01 3.349199821838404745e+01
7.250000000000000000e+01 3.349199821838404745e+01
7.259999999999999432e+01 3.349199821838404745e+01
7.270000000000000284e+01 3.349199821838404745e+01
7.279999999999999716e+01 3.349199821838404745e+01
7.289999999999999147e+01 3.349199821838404745e+01
7.300000000000000000e+01 3.349199821838404745e+01
7.309999999999999432e+01 3.349199821838404745e+01
7.320000000000000284e+01 3.349199821838404745e+01
7.329999999999999716e+01 3.349199821838404745e+01
7.339999999999999147e+01 3.349199821838404745e+01
7.350000000000000000e+01 3.349199821838404745e+01
7.359999999999999432e+01 3.349199821838404745e+01
7.370000000000000284e+01 3.349199821838404745e+01
7.379999999999999716e+01 3.349199821838404745e+01
7.389999999999999147e+01 3.349199821838404745e+01
7.400000000000000000e+01 3.349199821838404745e+01
7.409999999999999432e+01 3.349199821838404745e+01
7.420000000000000284e+01 3.349199821838404745e+01
7.429999999999999716e+01 3.349199821838404745e+01
7.439999999999999147e+01 3.349199821838404745e+01
7.450000000000000000e+01 3.349199821838404745e+01
7.459999999999999432e+01 3.349199821838404745e+01
7.470000000000000284e+01 3.349199821838404745e+01
7.479999999999999716e+01 3.349199821838404745e+01
7.489999999999999147e+01 3.349199821838404745e+01
7.500000000000000000e+01 3.349199821838404745e+01
7.509999999999999432e+01 3.349199821838404745e+01
7.520000000000000284e+01 3.349199821838404745e+01
7.529999999999999716e+01 3.349199821838404745e+01
7.539999999999999147e+01 3.349199821838404745e+01
7.550000000000000000e+01 3.349199821838404745e+01
7.559999999999999432e+01 3.349199821838404745e+01
7.570000000000000284e+01 3.349199821838404745e+01
7.579999999999999716e+01 3.349199821838404745e+01
7.589999999999999147e+01 3.349199821838404745e+01
7.600000000000000000e+01 3.349199821838404745e+01
7.609999999999999432e+01 3.349199821838404745e+01
7.620000000000000284e+01 3.349199821838404745e+01
7.629999999999999716e+01 3.349199821838404745e+01
7.639999999999999147e+01 3.349199821838404745e+01
7.650000000000000000e+01 3.349199821838404745e+01
7.659999999999999432e+01 3.349199821838404745e+01
7.670000000000000284e+01 3.349199821838404745e+01
7.679999999999999716e+01 3.349199821838404745e+01
7.690000000000000568e+01 3.349199821838404745e+01
7.700000000000000000e+01 3.349199821838404745e+01
7.709999999999999432e+01 3.349199821838404745e+01
7.720000000000000284e+01 3.349199821838404745e+01
7.729999999999999716e+01 3.349199821838404745e+01
7.740000000000000568e+01 3.349199821838404745e+01
7.750000000000000000e+01 3.349199821838404745e+01
7.759999999999999432e+01 3.349199821838404745e+01
7.770000000000000284e+01 3.349199821838404745e+01
7.779999999999999716e+01 3.349199821838404745e+01
7.790000000000000568e+01 3.349199821838404745e+01
7.800000000000000000e+01 3.349199821838404745e+01
7.809999999999999432e+01 3.349199821838404745e+01
7.820000000000000284e+01 3.349199821838404745e+01
7.829999999999999716e+01 3.349199821838404745e+01
7.840000000000000568e+01 3.349199821838404745e+01
7.850000000000000000e+01 3.349199821838404745e+01
7.859999999999999432e+01 3.349199821838404745e+01
7.870000000000000284e+01 3.349199821838404745e+01
7.879999999999999716e+01 3.349199821838404745e+01
7.890000000000000568e+01 3.349199821838404745e+01
7.900000000000000000e+01 3.349199821838404745e+01
7.909999999999999432e+01 3.349199821838404745e+01
7.920000000000000284e+01 3.349199821838404745e+01
7.929999999999999716e+01 3.349199821838404745e+01
7.940000000000000568e+01 3.349199821838404745e+01
7.950000000000000000e+01 3.349199821838404745e+01
7.959999999999999432e+01 3.349199821838404745e+01
7.970000000000000284e+01 3.349199821838404745e+01
7.979999999999999716e+01 3.349199821838404745e+01
7.990000000000000568e+01 3.349199821838404745e+01
8.000000000000000000e+01 3.349199821838404745e+01
8.009999999999999432e+01 3.349199821838404745e+01
8.020000000000000284e+01 3.349199821838404745e+01
8.029999999999999716e+01 3.349199821838404745e+01
8.040000000000000568e+01 3.349199821838404745e+01
8.050000000000000000e+01 3.349199821838404745e+01
8.059999999999999432e+01 3.349199821838404745e+01
8.070000000000000284e+01 3.349199821838404745e+01
8.079999999999999716e+01 3.349199821838404745e+01
8.090000000000000568e+01 3.349199821838404745e+01
8.100000000000000000e+01 3.349199821838404745e+01
8.109999999999999432e+01 3.349199821838404745e+01
8.120000000000000284e+01 3.349199821838404745e+01
8.129999999999999716e+01 3.349199821838404745e+01
8.140000000000000568e+01 3.349199821838404745e+01
8.150000000000000000e+01 3.349199821838404745e+01
8.159999999999999432e+01 3.349199821838404745e+01
8.170000000000000284e+01 3.349199821838404745e+01
8.179999999999999716e+01 3.349199821838404745e+01
8.190000000000000568e+01 3.349199821838404745e+01
8.200000000000000000e+01 3.349199821838404745e+01
8.209999999999999432e+01 3.349199821838404745e+01
8.220000000000000284e+01 3.349199821838404745e+01
8.229999999999999716e+01 3.349199821838404745e+01
8.240000000000000568e+01 3.349199821838404745e+01
8.250000000000000000e+01 3.349199821838404745e+01
8.259999999999999432e+01 3.349199821838404745e+01
8.270000000000000284e+01 3.349199821838404745e+01
8.279999999999999716e+01 3.349199821838404745e+01
8.290000000000000568e+01 3.349199821838404745e+01
8.300000000000000000e+01 3.349199821838404745e+01
8.309999999999999432e+01 3.349199821838404745e+01
8.320000000000000284e+01 3.349199821838404745e+01
8.329999999999999716e+01 3.349199821838404745e+01
8.340000000000000568e+01 3.349199821838404745e+01
8.350000000000000000e+01 3.349199821838404745e+01
8.359999999999999432e+01 3.349199821838404745e+01
8.370000000000000284e+01 3.349199821838404745e+01
8.379999999999999716e+01 3.349199821838404745e+01
8.390000000000000568e+01 3.349199821838404745e+01
8.400000000000000000e+01 3.349199821838404745e+01
8.409999999999999432e+01 3.349199821838404745e+01
8.420000000000000284e+01 3.349199821838404745e+01
8.429999999999999716e+01 3.349199821838404745e+01
8.440000000000000568e+01 3.349199821838404745e+01
8.450000000000000000e+01 3.349199821838404745e+01
8.459999999999999432e+01 3.349199821838404745e+01
8.470000000000000284e+01 3.349199821838404745e+01
8.479999999999999716e+01 3.349199821838404745e+01
8.490000000000000568e+01 3.349199821838404745e+01
8.500000000000000000e+01 3.349199821838404745e+01
8.509999999999999432e+01 3.349199821838404745e+01
8.520000000000000284e+01 3.349199821838404745e+01
8.529999999999999716e+01 3.349199821838404745e+01
8.540000000000000568e+01 3.349199821838404745e+01
8.550000000000000000e+01 3.349199821838404745e+01
8.559999999999999432e+01 3.349199821838404745e+01
8.570000000000000284e+01 3.349199821838404745e+01
8.579999999999999716e+01 3.349199821838404745e+01
8.590000000000000568e+01 3.349199821838404745e+01
8.600000000000000000e+01 3.349199821838404745e+01
8.609999999999999432e+01 3.349199821838404745e+01
8.620000000000000284e+01 3.349199821838404745e+01
8.629999999999999716e+01 3.349199821838404745e+01
8.640000000000000568e+01 3.349199821838404745e+01
8.650000000000000000e+01 3.349199821838404745e+01
8.659999999999999432e+01 3.349199821838404745e+01
8.670000000000000284e+01 3.349199821838404745e+01
8.679999999999999716e+01 3.349199821838404745e+01
8.690000000000000568e+01 3.349199821838404745e+01
8.700000000000000000e+01 3.349199821838404745e+01
8.709999999999999432e+01 3.349199821838404745e+01
8.720000000000000284e+01 3.349199821838404745e+01
8.729999999999999716e+01 3.349199821838404745e+01
8.740000000000000568e+01 3.349199821838404745e+01
8.750000000000000000e+01 3.349199821838404745e+01
8.759999999999999432e+01 3.349199821838404745e+01
8.770000000000000284e+01 3.349199821838404745e+01
8.779999999999999716e+01 3.349199821838404745e+01
8.790000000000000568e+01 3.349199821838404745e+01
8.800000000000000000e+01 3.349199821838404745e+01
8.809999999999999432e+01 3.349199821838404745e+01
8.820000000000000284e+01 3.349199821838404745e+01
8.829999999999999716e+01 3.349199821838404745e+01
8.840000000000000568e+01 3.349199821838404745e+01
8.850000000000000000e+01 3.349199821838404745e+01
8.859999999999999432e+01 3.349199821838404745e+01
8.870000000000000284e+01 3.349199821838404745e+01
8.879999999999999716e+01 3.349199821838404745e+01
8.890000000000000568e+01 3.349199821838404745e+01
8.900000000000000000e+01 3.349199821838404745e+01
8.909999999999999432e+01 3.349199821838404745e+01
8.920000000000000284e+01 3.349199821838404745e+01
8.929999999999999716e+01 3.349199821838404745e+01
8.940000000000000568e+01 3.349199821838404745e+01
8.950000000000000000e+01 3.349199821838404745e+01
8.959999999999999432e+01 3.349199821838404745e+01
8.970000000000000284e+01 3.349199821838404745e+01
8.979999999999999716e+01 3.349199821838404745e+01
8.990000000000000568e+01 3.349199821838404745e+01
9.000000000000000000e+01 3.349199821838404745e+01
9.009999999999999432e+01 3.349199821838404745e+01
9.020000000000000284e+01 3.349199821838404745e+01
9.029999999999999716e+01 3.349199821838404745e+01
9.040000000000000568e+01 3.349199821838404745e+01
9.050000000000000000e+01 3.349199821838404745e+01
9.059999999999999432e+01 3.349199821838404745e+01
9.070000000000000284e+01 3.349199821838404745e+01
9.079999999999999716e+01 3.349199821838404745e+01
9.090000000000000568e+01 3.349199821838404745e+01
9.100000000000000000e+01 3.349199821838404745e+01
9.109999999999999432e+01 3.349199821838404745e+01
9.120000000000000284e+01 3.349199821838404745e+01
9.129999999999999716e+01 3.349199821838404745e+01
9.140000000000000568e+01 3.349199821838404745e+01
9.150000000000000000e+01 3.349199821838404745e+01
9.159999999999999432e+01 3.349199821838404745e+01
9.170000000000000284e+01 3.349199821838404745e+01
9.179999999999999716e+01 3.349199821838404745e+01
9.190000000000000568e+01 3.349199821838404745e+01
9.200000000000000000e+01 3.349199821838404745e+01
9.209999999999999432e+01 3.349199821838404745e+01
9.220000000000000284e+01 3.349199821838404745e+01
9.229999999999999716e+01 3.349199821838404745e+01
9.240000000000000568e+01 3.349199821838404745e+01
9.250000000000000000e+01 3.349199821838404745e+01
9.259999999999999432e+01 3.349199821838404745e+01
9.270000000000000284e+01 3.349199821838404745e+01
9.279999999999999716e+01 3.349199821838404745e+01
9.290000000000000568e+01 3.349199821838404745e+01
9.300000000000000000e+01 3.349199821838404745e+01
9.309999999999999432e+01 3.349199821838404745e+01
9.320000000000000284e+01 3.349199821838404745e+01
9.329999999999999716e+01 3.349199821838404745e+01
9.340000000000000568e+01 3.349199821838404745e+01
9.350000000000000000e+01 3.349199821838404745e+01
9.359999999999999432e+01 3.349199821838404745e+01
9.370000000000000284e+01 3.349199821838404745e+01
9.379999999999999716e+01 3.349199821838404745e+01
9.390000000000000568e+01 3.349199821838404745e+01
9.400000000000000000e+01 3.349199821838404745e+01
9.409999999999999432e+01 3.349199821838404745e+01
9.420000000000000284e+01 3.349199821838404745e+01
9.429999999999999716e+01 3.349199821838404745e+01
9.440000000000000568e+01 3.349199821838404745e+01
9.450000000000000000e+01 3.349199821838404745e+01
9.459999999999999432e+01 3.349199821838404745e+01
9.470000000000000284e+01 3.349199821838404745e+01
9.479999999999999716e+01 3.349199821838404745e+01
9.490000000000000568e+01 3.349199821838404745e+01
9.500000000000000000e+01 3.349199821838404745e+01
9.509999999999999432e+01 3.349199821838404745e+01
9.520000000000000284e+01 3.349199821838404745e+01
9.529999999999999716e+01 3.349199821838404745e+01
9.540000000000000568e+01 3.349199821838404745e+01
9.550000000000000000e+01 3.349199821838404745e+01
9.559999999999999432e+01 3.349199821838404745e+01
9.570000000000000284e+01 3.349199821838404745e+01
9.579999999999999716e+01 3.349199821838404745e+01
9.590000000000000568e+01 3.349199821838404745e+01
9.600000000000000000e+01 3.349199821838404745e+01
9.609999999999999432e+01 3.349199821838404745e+01
9.620000000000000284e+01 3.349199821838404745e+01
9.629999999999999716e+01 3.349199821838404745e+01
9.640000000000000568e+01 3.349199821838404745e+01
9.650000000000000000e+01 3.349199821838404745e+01
9.659999999999999432e+01 3.349199821838404745e+01
9.670000000000000284e+01 3.349199821838404745e+01
9.679999999999999716e+01 3.349199821838404745e+01
9.690000000000000568e+01 3.349199821838404745e+01
9.700000000000000000e+01 3.349199821838404745e+01
9.709999999999999432e+01 3.349199821838404745e+01
9.720000000000000284e+01 3.349199821838404745e+01
9.729999999999999716e+01 3.349199821838404745e+01
9.740000000000000568e+01 3.349199821838404745e+01
9.750000000000000000e+01 3.349199821838404745e+01
9.759999999999999432e+01 3.349199821838404745e+01
9.770000000000000284e+01 3.349199821838404745e+01
9.779999999999999716e+01 3.349199821838404745e+01
9.790000000000000568e+01 3.349199821838404745e+01
9.800000000000000000e+01 3.349199821838404745e+01
9.809999999999999432e+01 3.349199821838404745e+01
9.820000000000000284e+01 3.349199821838404745e+01
9.829999999999999716e+01 3.349199821838404745e+01
9.840000000000000568e+01 3.349199821838404745e+01
9.850000000000000000e+01 3.349199821838404745e+01
9.859999999999999432e+01 3.349199821838404745e+01
9.870000000000000284e+01 3.349199821838404745e+01
9.879999999999999716e+01 3.349199821838404745e+01
9.890000000000000568e+01 3.349199821838404745e+01
9.900000000000000000e+01 3.349199821838404745e+01
9.909999999999999432e+01 3.349199821838404745e+01
9.920000000000000284e+01 3.349199821838404745e+01
9.929999999999999716e+01 3.349199821838404745e+01
9.940000000000000568e+01 3.349199821838404745e+01
9.950000000000000000e+01 3.349199821838404745e+01
9.959999999999999432e+01 3.349199821838404745e+01
9.970000000000000284e+01 3.349199821838404745e+01
9.979999999999999716e+01 3.349199821838404745e+01
9.990000000000000568e+01 3.349199821838404745e+01
