1.000000 0.435975
1.250000 0.675976
1.500000 0.899971
1.750000 1.134964
1.900000 1.269963
2.000000 1.359960
2.250000 1.597887
2.500000 1.836874
3.000000 2.317848
3.500000 2.781825
4.000000 3.207798
4.500000 3.647771
5.000000 4.120746
5.500000 4.599718
6.000000 5.070687
6.500000 5.075911
8.000000 6.244144
9.000000 6.096472
10.000000 7.206090
11.000000 8.405387
12.000000 9.703323
13.000000 11.281087
15.000000 13.389796
18.000000 16.136949
20.000000 17.867420
25.000000 22.511108
30.000000 26.996575
40.000000 34.648553
60.000000 50.935887
80.000000 67.223222
99.900000 83.429119
