1.000000 0.437143
1.250000 0.677793
1.500000 0.902395
1.750000 1.138024
1.900000 1.273386
2.000000 1.363625
2.250000 1.597887
2.500000 1.841867
3.000000 2.324005
3.500000 2.789167
4.000000 3.216467
4.500000 3.657643
5.000000 4.131712
5.500000 4.611802
6.000000 5.084128
6.500000 5.086522
8.000000 5.093697
9.000000 6.315972
10.000000 7.538202
11.000000 8.771796
12.000000 10.026441
13.000000 11.281087
15.000000 13.389735
18.000000 16.136756
20.000000 17.865398
25.000000 22.507540
30.000000 26.991887
40.000000 34.642987
50.000000 34.642987
